                    precision    recall  f1-score   support

        Basketball       0.47      0.85      0.60      6100
            Biking       0.91      0.81      0.86      9908
            Diving       0.92      0.98      0.95      7460
        Golf_swing       0.59      0.83      0.69      9160
      Horse_riding       0.92      0.87      0.89     14628
   Soccer_juggling       0.58      0.35      0.44     14504
             Swing       0.83      0.92      0.87      7340
      Tennis_swing       0.86      0.50      0.63      8212
Trampoline_jumping       0.83      0.94      0.88      7344
Volleyball_spiking       0.78      0.75      0.76      3904
           Walking       0.68      0.70      0.69      8540

       avg / total       0.76      0.75      0.74     97100


[[ 5177     2   272     2     0    20     0     8   359   186    74]
 [  120  8057     1     0     0  1363    10     0   158     0   199]
 [   84     8  7321     0     0     0     0     0    27    20     0]
 [  157     0     0  7643    58   294     2     0   235     1   770]
 [  232   300     0    35 12682    41   155     0     3   236   944]
 [ 2230     6     0  4870   283  5077   844   581    15   155   443]
 [    1     4     0     0    20    43  6750     0    47   143   332]
 [ 2510     0     0   200     0  1418     0  4084     0     0     0]
 [   12     0     3     6     0    22   206    57  6928    76    34]
 [  564     0   358     0    11    43     0     0     0  2928     0]
 [   21   452     7   104   674   467   212     0   620    13  5970]]

[[0.85 0.   0.04 0.   0.   0.   0.   0.   0.06 0.03 0.01]
 [0.01 0.81 0.   0.   0.   0.14 0.   0.   0.02 0.   0.02]
 [0.01 0.   0.98 0.   0.   0.   0.   0.   0.   0.   0.  ]
 [0.02 0.   0.   0.83 0.01 0.03 0.   0.   0.03 0.   0.08]
 [0.02 0.02 0.   0.   0.87 0.   0.01 0.   0.   0.02 0.06]
 [0.15 0.   0.   0.34 0.02 0.35 0.06 0.04 0.   0.01 0.03]
 [0.   0.   0.   0.   0.   0.01 0.92 0.   0.01 0.02 0.05]
 [0.31 0.   0.   0.02 0.   0.17 0.   0.5  0.   0.   0.  ]
 [0.   0.   0.   0.   0.   0.   0.03 0.01 0.94 0.01 0.  ]
 [0.14 0.   0.09 0.   0.   0.01 0.   0.   0.   0.75 0.  ]
 [0.   0.05 0.   0.01 0.08 0.05 0.02 0.   0.07 0.   0.7 ]]

Accuracy: 0.7478578784757981

Accuracy Per Class: [0.43  0.754 0.904 0.532 0.809 0.279 0.77  0.461 0.787 0.619 0.527]