                    precision    recall  f1-score   support

        Basketball       0.46      0.85      0.60      6100
            Biking       0.90      0.81      0.85      9908
            Diving       0.90      0.98      0.94      7460
        Golf_swing       0.59      0.83      0.69      9160
      Horse_riding       0.91      0.87      0.89     14628
   Soccer_juggling       0.58      0.33      0.42     14504
             Swing       0.86      0.92      0.89      7340
      Tennis_swing       0.89      0.54      0.67      8212
Trampoline_jumping       0.83      0.95      0.88      7344
Volleyball_spiking       0.81      0.75      0.78      3904
           Walking       0.71      0.73      0.72      8540

       avg / total       0.77      0.75      0.74     97100


[[ 5158     1   300     8     0    32     0     9   387   174    31]
 [   39  7990     0     0     1  1485     5     0   153     0   235]
 [   45    25  7328     0     0     0     0     0    44    18     0]
 [  153     5     0  7606    29   266     1     0   240     0   860]
 [  140   349     0     9 12794     1   172     0     0   230   933]
 [ 2536     0     0  5119   647  4824   555   544     2    99   178]
 [    1     6     0     0    12    53  6772     0    52   146   298]
 [ 2450     0     0   208     0  1158     0  4396     0     0     0]
 [    3     0   127     3     0    17   215     8  6967     4     0]
 [  570     0   354     0    23    31     0     0     0  2926     0]
 [    0   524     1    25   627   384   168     0   563    11  6237]]

[[0.85 0.   0.05 0.   0.   0.01 0.   0.   0.06 0.03 0.01]
 [0.   0.81 0.   0.   0.   0.15 0.   0.   0.02 0.   0.02]
 [0.01 0.   0.98 0.   0.   0.   0.   0.   0.01 0.   0.  ]
 [0.02 0.   0.   0.83 0.   0.03 0.   0.   0.03 0.   0.09]
 [0.01 0.02 0.   0.   0.87 0.   0.01 0.   0.   0.02 0.06]
 [0.17 0.   0.   0.35 0.04 0.33 0.04 0.04 0.   0.01 0.01]
 [0.   0.   0.   0.   0.   0.01 0.92 0.   0.01 0.02 0.04]
 [0.3  0.   0.   0.03 0.   0.14 0.   0.54 0.   0.   0.  ]
 [0.   0.   0.02 0.   0.   0.   0.03 0.   0.95 0.   0.  ]
 [0.15 0.   0.09 0.   0.01 0.01 0.   0.   0.   0.75 0.  ]
 [0.   0.06 0.   0.   0.07 0.04 0.02 0.   0.07 0.   0.73]]

Accuracy: 0.7517816683831102

Accuracy Per Class: [0.429 0.739 0.889 0.523 0.801 0.269 0.801 0.501 0.793 0.638 0.563]