                    precision    recall  f1-score   support

        Basketball       0.43      0.71      0.54      5344
            Biking       0.87      0.81      0.84      9152
            Diving       0.94      1.00      0.97      6752
        Golf_swing       0.67      0.74      0.70      8352
      Horse_riding       0.89      0.94      0.92     13792
   Soccer_juggling       0.64      0.40      0.49     13568
             Swing       0.87      0.89      0.88      6560
      Tennis_swing       0.90      0.75      0.82      7424
Trampoline_jumping       0.94      0.94      0.94      6816
Volleyball_spiking       0.82      0.78      0.80      3392
           Walking       0.56      0.67      0.61      8192

       avg / total       0.78      0.77      0.76     89344


[[ 3808     0    64   154     0   256     0   390   192    64   416]
 [  110  7442   188    18     0   850   128   128     0     0   288]
 [    0     0  6752     0     0     0     0     0     0     0     0]
 [  192     0     0  6144     0   896     0     0     0   128   992]
 [  126   420     0     0 12988     0     0     0     0   162    96]
 [ 2629     0     0  2699     0  5393   448    22     0    74  2303]
 [    0     0     0     0     0   384  5856     0   192   128     0]
 [ 1440     0     0   128     0   265     0  5591     0     0     0]
 [  181     0     0     0     0     0    43    77  6387     0   128]
 [  288     0     0     0     0   448     0     0     0  2656     0]
 [    3   727   192     0  1532     0   218     0     0    40  5480]]

[[0.71 0.   0.01 0.03 0.   0.05 0.   0.07 0.04 0.01 0.08]
 [0.01 0.81 0.02 0.   0.   0.09 0.01 0.01 0.   0.   0.03]
 [0.   0.   1.   0.   0.   0.   0.   0.   0.   0.   0.  ]
 [0.02 0.   0.   0.74 0.   0.11 0.   0.   0.   0.02 0.12]
 [0.01 0.03 0.   0.   0.94 0.   0.   0.   0.   0.01 0.01]
 [0.19 0.   0.   0.2  0.   0.4  0.03 0.   0.   0.01 0.17]
 [0.   0.   0.   0.   0.   0.06 0.89 0.   0.03 0.02 0.  ]
 [0.19 0.   0.   0.02 0.   0.04 0.   0.75 0.   0.   0.  ]
 [0.03 0.   0.   0.   0.   0.   0.01 0.01 0.94 0.   0.02]
 [0.08 0.   0.   0.   0.   0.13 0.   0.   0.   0.78 0.  ]
 [0.   0.09 0.02 0.   0.19 0.   0.03 0.   0.   0.   0.67]]

Accuracy: 0.766665920487106

Accuracy Per Class: [0.369 0.723 0.938 0.541 0.848 0.324 0.792 0.695 0.887 0.666 0.441]