                    precision    recall  f1-score   support

        Basketball       0.50      0.75      0.60      5344
            Biking       0.87      0.78      0.82      9152
            Diving       0.99      0.97      0.98      6752
        Golf_swing       0.64      0.73      0.68      8352
      Horse_riding       0.88      0.98      0.93     13792
   Soccer_juggling       0.68      0.41      0.52     13568
             Swing       0.84      0.89      0.87      6560
      Tennis_swing       0.94      0.72      0.82      7424
Trampoline_jumping       0.85      0.98      0.91      6816
Volleyball_spiking       0.88      0.81      0.84      3392
           Walking       0.57      0.68      0.62      8192

       avg / total       0.78      0.77      0.77     89344


[[ 4000     0    64   352    84   229     0     0   286    64   265]
 [  128  7158     0   128     0   551   326   128    49    37   647]
 [  182     0  6570     0     0     0     0     0     0     0     0]
 [  281     0     0  6102     0   896     0     0     0   128   945]
 [    0   182     0     0 13494     0     0     0     0     0   116]
 [ 1397    39     0  2777   287  5625   581   235   585    20  2022]
 [    0     0     0     0     0   362  5843     0   218   137     0]
 [ 1370     0     0   128     0   555     0  5371     0     0     0]
 [    0     0     0     0     0     0     3     0  6681     4   128]
 [  527     0     0     0    81    42     0     0     0  2742     0]
 [  187   855     5     0  1403     0   189     0     0     0  5553]]

[[0.75 0.   0.01 0.07 0.02 0.04 0.   0.   0.05 0.01 0.05]
 [0.01 0.78 0.   0.01 0.   0.06 0.04 0.01 0.01 0.   0.07]
 [0.03 0.   0.97 0.   0.   0.   0.   0.   0.   0.   0.  ]
 [0.03 0.   0.   0.73 0.   0.11 0.   0.   0.   0.02 0.11]
 [0.   0.01 0.   0.   0.98 0.   0.   0.   0.   0.   0.01]
 [0.1  0.   0.   0.2  0.02 0.41 0.04 0.02 0.04 0.   0.15]
 [0.   0.   0.   0.   0.   0.06 0.89 0.   0.03 0.02 0.  ]
 [0.18 0.   0.   0.02 0.   0.07 0.   0.72 0.   0.   0.  ]
 [0.   0.   0.   0.   0.   0.   0.   0.   0.98 0.   0.02]
 [0.16 0.   0.   0.   0.02 0.01 0.   0.   0.   0.81 0.  ]
 [0.02 0.1  0.   0.   0.17 0.   0.02 0.   0.   0.   0.68]]

Accuracy: 0.7738516296561605

Accuracy Per Class: [0.425 0.7   0.963 0.52  0.862 0.347 0.763 0.69  0.84  0.725 0.451]