             precision    recall  f1-score   support

          0       0.85      1.00      0.92      2480
          1       1.00      0.31      0.48      1850
          2       0.69      0.60      0.64      2090
          3       0.37      0.50      0.43       880
          4       0.00      0.00      0.00       530
          5       0.62      0.67      0.65      1860
          6       0.42      0.65      0.51      1630
          7       0.22      0.41      0.29       900
          8       0.76      0.72      0.74      2520
          9       0.44      0.34      0.38      2600

avg / total       0.62      0.58      0.58     17340


[[2480    0    0    0    0    0    0    0    0    0]
 [   0  580    0    0    0    0  720  550    0    0]
 [  11    0 1260   21    0  147  328   10  119  194]
 [  41    0  225  442    0   34   91   25    0   22]
 [  29    0   20   16    0  100   30    0   53  282]
 [ 240    0  139   62    0 1249    0   55  110    5]
 [   6    0   29   39    0  340 1065   25   71   55]
 [   0    0   71  103    0  140    0  368    0  218]
 [   0    0   93   12    0    0  161  104 1807  343]
 [ 109    0    0  484  240    0  120  541  233  873]]


[[ 1.    0.    0.    0.    0.    0.    0.    0.    0.    0.  ]
 [ 0.    0.31  0.    0.    0.    0.    0.39  0.3   0.    0.  ]
 [ 0.01  0.    0.6   0.01  0.    0.07  0.16  0.    0.06  0.09]
 [ 0.05  0.    0.26  0.5   0.    0.04  0.1   0.03  0.    0.02]
 [ 0.05  0.    0.04  0.03  0.    0.19  0.06  0.    0.1   0.53]
 [ 0.13  0.    0.07  0.03  0.    0.67  0.    0.03  0.06  0.  ]
 [ 0.    0.    0.02  0.02  0.    0.21  0.65  0.02  0.04  0.03]
 [ 0.    0.    0.08  0.11  0.    0.16  0.    0.41  0.    0.24]
 [ 0.    0.    0.04  0.    0.    0.    0.06  0.04  0.72  0.14]
 [ 0.04  0.    0.    0.19  0.09  0.    0.05  0.21  0.09  0.34]]


Model Accuracy: 0.584

Accuracy Per Class: [ 0.85   0.314  0.472  0.273  0.     0.477  0.346  0.167  0.582  0.235]


