             precision    recall  f1-score   support

          0       0.84      1.00      0.91      2480
          1       1.00      0.31      0.48      1850
          2       0.69      0.60      0.64      2090
          3       0.41      0.55      0.47       880
          4       0.00      0.00      0.00       530
          5       0.64      0.67      0.66      1860
          6       0.42      0.66      0.51      1630
          7       0.22      0.38      0.27       900
          8       0.73      0.72      0.72      2520
          9       0.38      0.29      0.33      2600

avg / total       0.61      0.58      0.57     17340


[[2480    0    0    0    0    0    0    0    0    0]
 [   0  580    0    0    0    0  720  550    0    0]
 [   0    0 1260    0    0   90  440    0    0  300]
 [  80    0  250  480    0    0   70    0    0    0]
 [  30    0    0    0    0  120   30    0   90  260]
 [ 240    0  130   70    0 1250    0   60  110    0]
 [   0    0    0    0    0  340 1080    0  130   80]
 [   0    0   70  120    0  140    0  340    0  230]
 [   0    0  120    0    0    0  140  100 1810  350]
 [ 120    0    0  490  240    0  120  530  340  760]]


[[ 1.    0.    0.    0.    0.    0.    0.    0.    0.    0.  ]
 [ 0.    0.31  0.    0.    0.    0.    0.39  0.3   0.    0.  ]
 [ 0.    0.    0.6   0.    0.    0.04  0.21  0.    0.    0.14]
 [ 0.09  0.    0.28  0.55  0.    0.    0.08  0.    0.    0.  ]
 [ 0.06  0.    0.    0.    0.    0.23  0.06  0.    0.17  0.49]
 [ 0.13  0.    0.07  0.04  0.    0.67  0.    0.03  0.06  0.  ]
 [ 0.    0.    0.    0.    0.    0.21  0.66  0.    0.08  0.05]
 [ 0.    0.    0.08  0.13  0.    0.16  0.    0.38  0.    0.26]
 [ 0.    0.    0.05  0.    0.    0.    0.06  0.04  0.72  0.14]
 [ 0.05  0.    0.    0.19  0.09  0.    0.05  0.2   0.13  0.29]]


Model Accuracy: 0.579

Accuracy Per Class: [ 0.841  0.314  0.474  0.308  0.     0.49   0.343  0.159  0.567  0.199]


