             precision    recall  f1-score   support

          0       0.84      1.00      0.92      2480
          1       1.00      0.31      0.48      1850
          2       0.67      0.60      0.64      2090
          3       0.29      0.46      0.35       880
          4       0.00      0.00      0.00       530
          5       0.61      0.63      0.62      1860
          6       0.42      0.65      0.51      1630
          7       0.24      0.46      0.32       900
          8       0.83      0.69      0.75      2520
          9       0.37      0.30      0.33      2600

avg / total       0.62      0.57      0.57     17340


[[2480    0    0    0    0    0    0    0    0    0]
 [   0  580    0    0    0    0  720  550    0    0]
 [  76    0 1260   44    0  199  220   33    6  252]
 [  27    0  245  403    1   18  113    6    0   67]
 [  30    0    0   44    0  120   27    0   39  270]
 [ 240    0  145   63    0 1177   11   59  110   55]
 [   4    0   33   55    0  341 1056   20   72   49]
 [   0    0   70  128    0   64    4  414    0  220]
 [   0    0  115    2    0    0  215   35 1748  405]
 [  79    0    0  665  240    0  120  583  143  770]]


[[ 1.    0.    0.    0.    0.    0.    0.    0.    0.    0.  ]
 [ 0.    0.31  0.    0.    0.    0.    0.39  0.3   0.    0.  ]
 [ 0.04  0.    0.6   0.02  0.    0.1   0.11  0.02  0.    0.12]
 [ 0.03  0.    0.28  0.46  0.    0.02  0.13  0.01  0.    0.08]
 [ 0.06  0.    0.    0.08  0.    0.23  0.05  0.    0.07  0.51]
 [ 0.13  0.    0.08  0.03  0.    0.63  0.01  0.03  0.06  0.03]
 [ 0.    0.    0.02  0.03  0.    0.21  0.65  0.01  0.04  0.03]
 [ 0.    0.    0.08  0.14  0.    0.07  0.    0.46  0.    0.24]
 [ 0.    0.    0.05  0.    0.    0.    0.09  0.01  0.69  0.16]
 [ 0.03  0.    0.    0.26  0.09  0.    0.05  0.22  0.06  0.3 ]]


Model Accuracy: 0.57

Accuracy Per Class: [ 0.845  0.314  0.467  0.214  0.     0.452  0.345  0.189  0.605  0.197]


