             precision    recall  f1-score   support

          0       0.89      1.00      0.94      2480
          1       1.00      0.31      0.48      1850
          2       0.69      0.60      0.64      2090
          3       0.32      0.60      0.42       880
          4       0.00      0.00      0.00       530
          5       0.59      0.62      0.61      1860
          6       0.46      0.66      0.54      1630
          7       0.20      0.38      0.26       900
          8       0.88      0.72      0.79      2520
          9       0.38      0.32      0.35      2600

avg / total       0.64      0.58      0.58     17340


[[2480    0    0    0    0    0    0    0    0    0]
 [   0  580    0    0    0    0  720  550    0    0]
 [   0    0 1260  120    0  200  210    0    0  300]
 [  30    0  250  530    0    0   70    0    0    0]
 [  30    0    0   50    0  120   30    0    0  300]
 [ 240    0  130   90    0 1160    0   60  110   70]
 [   0    0    0   80    0  340 1080    0  130    0]
 [   0    0   70  120    0  140    0  340    0  230]
 [   0    0  120    0    0    0  140    0 1810  450]
 [   0    0    0  680  240    0  120  720    0  840]]


[[ 1.    0.    0.    0.    0.    0.    0.    0.    0.    0.  ]
 [ 0.    0.31  0.    0.    0.    0.    0.39  0.3   0.    0.  ]
 [ 0.    0.    0.6   0.06  0.    0.1   0.1   0.    0.    0.14]
 [ 0.03  0.    0.28  0.6   0.    0.    0.08  0.    0.    0.  ]
 [ 0.06  0.    0.    0.09  0.    0.23  0.06  0.    0.    0.57]
 [ 0.13  0.    0.07  0.05  0.    0.62  0.    0.03  0.06  0.04]
 [ 0.    0.    0.    0.05  0.    0.21  0.66  0.    0.08  0.  ]
 [ 0.    0.    0.08  0.13  0.    0.16  0.    0.38  0.    0.26]
 [ 0.    0.    0.05  0.    0.    0.    0.06  0.    0.72  0.18]
 [ 0.    0.    0.    0.26  0.09  0.    0.05  0.28  0.    0.32]]


Model Accuracy: 0.581

Accuracy Per Class: [ 0.892  0.314  0.474  0.262  0.     0.436  0.37   0.152  0.656  0.213]


