                    precision    recall  f1-score   support

        Basketball       0.43      0.66      0.52      6191
            Biking       0.86      0.76      0.81     10018
            Diving       0.93      0.97      0.95      7537
        Golf_swing       0.59      0.72      0.65      9237
      Horse_riding       0.85      0.93      0.89     14740
   Soccer_juggling       0.63      0.40      0.49     14606
             Swing       0.80      0.82      0.81      7436
      Tennis_swing       0.90      0.72      0.80      8310
Trampoline_jumping       0.84      0.90      0.87      7423
Volleyball_spiking       0.79      0.79      0.79      3954
           Walking       0.59      0.62      0.60      8584

       avg / total       0.75      0.74      0.74     98036


[[ 4091    15   187   403    21   236    58   415   225   225   315]
 [  178  7601   123   158    27   658   363    49   120     1   740]
 [   86    37  7308     5     2     0     0     6     7    72    14]
 [  106     6     0  6645     8  1276     0    58     0   145   993]
 [   54   160    25   102 13646     2    20     0    46    61   624]
 [ 2428    76    23  3463  1022  5797   486    27   395   157   732]
 [   37   107     0     5   187   332  6108     4   300   110   246]
 [ 1586     0     0   194     0   487     0  6011     0    32     0]
 [  127     6    34    40    13    58   257    58  6695     0   135]
 [  732     0    51     0    42     0    10     0     4  3115     0]
 [  114   819    82   250  1107   321   297    65   147    20  5362]]

[[0.66 0.   0.03 0.07 0.   0.04 0.01 0.07 0.04 0.04 0.05]
 [0.02 0.76 0.01 0.02 0.   0.07 0.04 0.   0.01 0.   0.07]
 [0.01 0.   0.97 0.   0.   0.   0.   0.   0.   0.01 0.  ]
 [0.01 0.   0.   0.72 0.   0.14 0.   0.01 0.   0.02 0.11]
 [0.   0.01 0.   0.01 0.93 0.   0.   0.   0.   0.   0.04]
 [0.17 0.01 0.   0.24 0.07 0.4  0.03 0.   0.03 0.01 0.05]
 [0.   0.01 0.   0.   0.03 0.04 0.82 0.   0.04 0.01 0.03]
 [0.19 0.   0.   0.02 0.   0.06 0.   0.72 0.   0.   0.  ]
 [0.02 0.   0.   0.01 0.   0.01 0.03 0.01 0.9  0.   0.02]
 [0.19 0.   0.01 0.   0.01 0.   0.   0.   0.   0.79 0.  ]
 [0.01 0.1  0.01 0.03 0.13 0.04 0.03 0.01 0.02 0.   0.62]]

Accuracy: 0.738290015912522

Accuracy Per Class: [0.351 0.676 0.906 0.48  0.795 0.322 0.684 0.668 0.772 0.652 0.433]