                    precision    recall  f1-score   support

        Basketball       0.49      0.82      0.61      5776
            Biking       0.89      0.85      0.87      9536
            Diving       0.92      0.95      0.93      7120
        Golf_swing       0.58      0.84      0.68      8832
      Horse_riding       0.94      0.91      0.92     14080
   Soccer_juggling       0.64      0.40      0.49     13984
             Swing       0.87      0.86      0.86      7040
      Tennis_swing       0.90      0.49      0.63      7904
Trampoline_jumping       0.88      0.92      0.90      7088
Volleyball_spiking       0.62      0.72      0.67      3680
           Walking       0.72      0.79      0.75      8192

       avg / total       0.78      0.76      0.76     93232


[[ 4720     0   267    19     0   113     0   113   384   160     0]
 [  292  8121     0     0     0  1055    42     0     7     0    19]
 [  126   192  6786     0     0     0     0     0    16     0     0]
 [  144     0     0  7449     1   264     0     0   240     0   734]
 [    1   170     0     0 12754     0     0     0     0   111  1044]
 [ 1132     0     0  5269   177  5535   471   269     0  1131     0]
 [    0     0     0     0    18     1  6084     0   103   144   690]
 [ 2653     0     0   192     0  1223     0  3836     0     0     0]
 [    0     0     0    20     0   100   435    28  6505     0     0]
 [  533    96   352     0    46     0     0     0     0  2653     0]
 [    0   559     0     0   637   342     0     0   113    85  6456]]

[[0.82 0.   0.05 0.   0.   0.02 0.   0.02 0.07 0.03 0.  ]
 [0.03 0.85 0.   0.   0.   0.11 0.   0.   0.   0.   0.  ]
 [0.02 0.03 0.95 0.   0.   0.   0.   0.   0.   0.   0.  ]
 [0.02 0.   0.   0.84 0.   0.03 0.   0.   0.03 0.   0.08]
 [0.   0.01 0.   0.   0.91 0.   0.   0.   0.   0.01 0.07]
 [0.08 0.   0.   0.38 0.01 0.4  0.03 0.02 0.   0.08 0.  ]
 [0.   0.   0.   0.   0.   0.   0.86 0.   0.01 0.02 0.1 ]
 [0.34 0.   0.   0.02 0.   0.15 0.   0.49 0.   0.   0.  ]
 [0.   0.   0.   0.   0.   0.01 0.06 0.   0.92 0.   0.  ]
 [0.14 0.03 0.1  0.   0.01 0.   0.   0.   0.   0.72 0.  ]
 [0.   0.07 0.   0.   0.08 0.04 0.   0.   0.01 0.01 0.79]]

Accuracy: 0.7604577827355414

Accuracy Per Class: [0.443 0.77  0.877 0.52  0.853 0.324 0.762 0.461 0.818 0.5   0.605]