                    precision    recall  f1-score   support

        Basketball       0.46      0.91      0.61      5776
            Biking       0.93      0.83      0.87      9536
            Diving       0.92      0.96      0.94      7120
        Golf_swing       0.60      0.86      0.70      8832
      Horse_riding       0.95      0.93      0.94     14080
   Soccer_juggling       0.65      0.38      0.48     13984
             Swing       0.85      0.89      0.87      7040
      Tennis_swing       0.89      0.51      0.65      7904
Trampoline_jumping       0.85      0.89      0.87      7088
Volleyball_spiking       0.77      0.75      0.76      3680
           Walking       0.73      0.75      0.74      8192

       avg / total       0.79      0.77      0.76     93232


[[ 5244     2   231     0     0     0     0    79    60   160     0]
 [  175  7871     0     0     3  1093     0     0   102     0   292]
 [  144     0  6837     0     0     0     0     0    77    62     0]
 [  144     0     0  7584     0   304     0     0   240     0   560]
 [    0   348     0     0 13107     0     0     0     0   292   333]
 [ 2292     0     0  4889   111  5284   617   382     0     0   409]
 [    0     0     0     0     0    31  6276     0    62   141   530]
 [ 2720     0     0   136     0   996     0  4052     0     0     0]
 [   55     0     0     9     0    92   528    16  6294     0    94]
 [  554     0   352     0     0     0     0     0     0  2774     0]
 [    0   283     0   104   545   379     0     0   578   163  6140]]

[[0.91 0.   0.04 0.   0.   0.   0.   0.01 0.01 0.03 0.  ]
 [0.02 0.83 0.   0.   0.   0.11 0.   0.   0.01 0.   0.03]
 [0.02 0.   0.96 0.   0.   0.   0.   0.   0.01 0.01 0.  ]
 [0.02 0.   0.   0.86 0.   0.03 0.   0.   0.03 0.   0.06]
 [0.   0.02 0.   0.   0.93 0.   0.   0.   0.   0.02 0.02]
 [0.16 0.   0.   0.35 0.01 0.38 0.04 0.03 0.   0.   0.03]
 [0.   0.   0.   0.   0.   0.   0.89 0.   0.01 0.02 0.08]
 [0.34 0.   0.   0.02 0.   0.13 0.   0.51 0.   0.   0.  ]
 [0.01 0.   0.   0.   0.   0.01 0.07 0.   0.89 0.   0.01]
 [0.15 0.   0.1  0.   0.   0.   0.   0.   0.   0.75 0.  ]
 [0.   0.03 0.   0.01 0.07 0.05 0.   0.   0.07 0.02 0.75]]

Accuracy: 0.7665072078256393

Accuracy Per Class: [0.442 0.774 0.888 0.543 0.889 0.313 0.767 0.483 0.767 0.617 0.59 ]