             precision    recall  f1-score   support

          0       0.76      1.00      0.86      2048
          1       1.00      0.31      0.47      1664
          2       0.74      0.65      0.69      1664
          3       0.12      0.11      0.12       576
          4       0.00      0.00      0.00       192
          5       0.62      0.70      0.65      1472
          6       0.44      0.65      0.53      1472
          7       0.20      0.36      0.26       704
          8       0.68      0.76      0.71      2112
          9       0.44      0.24      0.31      2112

avg / total       0.61      0.58      0.56     14016


[[2048    0    0    0    0    0    0    0    0    0]
 [   0  512    0    0    0    0  640  512    0    0]
 [   0    0 1088    0    0  128  192    0  256    0]
 [   0    0  192   64    0    0  192  128    0    0]
 [   0    0    0    0    0   64    0    0   64   64]
 [ 192    0  128   64    0 1024    0    0   64    0]
 [   0    0    0    0    0  320  960    0  128   64]
 [   0    0   64    0    0  128    0  256    0  256]
 [   0    0    0    0    0    0  128  128 1600  256]
 [ 448    0    0  384  192    0   64  256  256  512]]


[[ 1.    0.    0.    0.    0.    0.    0.    0.    0.    0.  ]
 [ 0.    0.31  0.    0.    0.    0.    0.38  0.31  0.    0.  ]
 [ 0.    0.    0.65  0.    0.    0.08  0.12  0.    0.15  0.  ]
 [ 0.    0.    0.33  0.11  0.    0.    0.33  0.22  0.    0.  ]
 [ 0.    0.    0.    0.    0.    0.33  0.    0.    0.33  0.33]
 [ 0.13  0.    0.09  0.04  0.    0.7   0.    0.    0.04  0.  ]
 [ 0.    0.    0.    0.    0.    0.22  0.65  0.    0.09  0.04]
 [ 0.    0.    0.09  0.    0.    0.18  0.    0.36  0.    0.36]
 [ 0.    0.    0.    0.    0.    0.    0.06  0.06  0.76  0.12]
 [ 0.21  0.    0.    0.18  0.09  0.    0.03  0.12  0.12  0.24]]


Model Accuracy: 0.575

Accuracy Per Class: [ 0.762  0.308  0.531  0.062  0.     0.485  0.357  0.148  0.556  0.186]


