             precision    recall  f1-score   support

          0       0.85      1.00      0.92      2048
          1       1.00      0.31      0.47      1664
          2       0.74      0.65      0.69      1664
          3       0.09      0.11      0.10       576
          4       0.00      0.00      0.00       192
          5       0.65      0.65      0.65      1472
          6       0.45      0.65      0.53      1472
          7       0.20      0.45      0.27       704
          8       0.75      0.76      0.76      2112
          9       0.40      0.26      0.32      2112

avg / total       0.63      0.58      0.58     14016


[[2048    0    0    0    0    0    0    0    0    0]
 [   0  512    0    0    0    0  640  512    0    0]
 [ 118    0 1088    0    0  128  128    0  138   64]
 [   0    0  192   64    0    0   94    0    0  226]
 [   0    0    0    0    0   64    0    0   64   64]
 [ 192    0  128   64    0  960   64    0   64    0]
 [   0    0    0   64    0  320  960    0  128    0]
 [   0    0   64  121    0    0    0  320    0  199]
 [   0    0    0    0    0    0  192   64 1600  256]
 [  57    0    0  384  192    0   64  740  128  547]]


[[ 1.    0.    0.    0.    0.    0.    0.    0.    0.    0.  ]
 [ 0.    0.31  0.    0.    0.    0.    0.38  0.31  0.    0.  ]
 [ 0.07  0.    0.65  0.    0.    0.08  0.08  0.    0.08  0.04]
 [ 0.    0.    0.33  0.11  0.    0.    0.16  0.    0.    0.39]
 [ 0.    0.    0.    0.    0.    0.33  0.    0.    0.33  0.33]
 [ 0.13  0.    0.09  0.04  0.    0.65  0.04  0.    0.04  0.  ]
 [ 0.    0.    0.    0.04  0.    0.22  0.65  0.    0.09  0.  ]
 [ 0.    0.    0.09  0.17  0.    0.    0.    0.45  0.    0.28]
 [ 0.    0.    0.    0.    0.    0.    0.09  0.03  0.76  0.12]
 [ 0.03  0.    0.    0.18  0.09  0.    0.03  0.35  0.06  0.26]]


Model Accuracy: 0.578

Accuracy Per Class: [ 0.848  0.308  0.531  0.053  0.     0.484  0.362  0.158  0.607  0.187]


