             precision    recall  f1-score   support

          0       0.88      0.91      0.90      2480
          1       1.00      0.37      0.54      1850
          2       0.67      0.58      0.62      2095
          3       0.26      0.43      0.32       895
          4       0.07      0.11      0.08       530
          5       0.92      0.61      0.73      1875
          6       0.52      0.91      0.66      1635
          7       0.28      0.53      0.36       900
          8       0.72      0.89      0.79      2525
          9       0.55      0.21      0.30      2615

avg / total       0.68      0.60      0.60     17400


[[2265    0    0    2    0    0    0    0    0  213]
 [   0  681    0    0    0    0  720  449    0    0]
 [  71    0 1222    0  212   93  371  114   12    0]
 [   0    0  210  388   55    1   58  149   33    1]
 [   0    0    0  198   58    0   35   98   11  130]
 [ 218    0  220   59    0 1142   85    0  142    9]
 [   0    0   93    9    1    0 1486    5   40    1]
 [   0    0   72  156   66    0    9  477   33   87]
 [   0    0    6   34   20    0  100  113 2244    8]
 [  19    0    0  667  450    0    0  314  619  546]]


[[ 0.91  0.    0.    0.    0.    0.    0.    0.    0.    0.09]
 [ 0.    0.37  0.    0.    0.    0.    0.39  0.24  0.    0.  ]
 [ 0.03  0.    0.58  0.    0.1   0.04  0.18  0.05  0.01  0.  ]
 [ 0.    0.    0.23  0.43  0.06  0.    0.06  0.17  0.04  0.  ]
 [ 0.    0.    0.    0.37  0.11  0.    0.07  0.18  0.02  0.25]
 [ 0.12  0.    0.12  0.03  0.    0.61  0.05  0.    0.08  0.  ]
 [ 0.    0.    0.06  0.01  0.    0.    0.91  0.    0.02  0.  ]
 [ 0.    0.    0.08  0.17  0.07  0.    0.01  0.53  0.04  0.1 ]
 [ 0.    0.    0.    0.01  0.01  0.    0.04  0.04  0.89  0.  ]
 [ 0.01  0.    0.    0.26  0.17  0.    0.    0.12  0.24  0.21]]


Model Accuracy: 0.604

Accuracy Per Class: [ 0.812  0.368  0.453  0.192  0.043  0.58   0.493  0.223  0.657  0.178]


