             precision    recall  f1-score   support

          0       0.88      0.86      0.87      2480
          1       1.00      0.36      0.53      1850
          2       0.70      0.58      0.64      2095
          3       0.28      0.45      0.35       895
          4       0.00      0.00      0.00       530
          5       0.91      0.64      0.75      1875
          6       0.50      0.91      0.64      1635
          7       0.24      0.49      0.32       900
          8       0.71      0.89      0.79      2525
          9       0.48      0.22      0.30      2615

avg / total       0.66      0.60      0.59     17400


[[2126    0    0    0    0    0    0    0    0  354]
 [   0  661    0    0    0    0  720  469    0    0]
 [  54    0 1220    0    0  112  370  231  108    0]
 [   0    0  180  406   54    0   93  127   35    0]
 [   0    0    0  188    0    0   70  122   14  136]
 [ 212    0  180   28    0 1197  147    0   78   33]
 [   0    0   85   23    0    1 1482   10   34    0]
 [   0    0   76  157   59    0   11  445   48  104]
 [   0    0    0    0    0    0   98  184 2243    0]
 [  25    0    0  651  476    0    0  297  586  580]]


[[ 0.86  0.    0.    0.    0.    0.    0.    0.    0.    0.14]
 [ 0.    0.36  0.    0.    0.    0.    0.39  0.25  0.    0.  ]
 [ 0.03  0.    0.58  0.    0.    0.05  0.18  0.11  0.05  0.  ]
 [ 0.    0.    0.2   0.45  0.06  0.    0.1   0.14  0.04  0.  ]
 [ 0.    0.    0.    0.35  0.    0.    0.13  0.23  0.03  0.26]
 [ 0.11  0.    0.1   0.01  0.    0.64  0.08  0.    0.04  0.02]
 [ 0.    0.    0.05  0.01  0.    0.    0.91  0.01  0.02  0.  ]
 [ 0.    0.    0.08  0.17  0.07  0.    0.01  0.49  0.05  0.12]
 [ 0.    0.    0.    0.    0.    0.    0.04  0.07  0.89  0.  ]
 [ 0.01  0.    0.    0.25  0.18  0.    0.    0.11  0.22  0.22]]


Model Accuracy: 0.595

Accuracy Per Class: [ 0.767  0.357  0.466  0.209  0.     0.602  0.471  0.19   0.654  0.179]


