             precision    recall  f1-score   support

          0       0.91      1.00      0.95      2480
          1       1.00      0.31      0.48      1850
          2       0.74      0.60      0.66      2095
          3       0.23      0.41      0.29       895
          4       0.09      0.17      0.12       530
          5       0.93      0.62      0.74      1875
          6       0.56      1.00      0.72      1635
          7       0.29      0.58      0.39       900
          8       0.72      0.91      0.80      2525
          9       0.64      0.15      0.25      2615

avg / total       0.71      0.62      0.61     17400


[[2480    0    0    0    0    0    0    0    0    0]
 [   0  580    0    0    0    0  720  550    0    0]
 [   0    0 1265    0  300   90  320  120    0    0]
 [   0    0  255  370   55    0    0  180   35    0]
 [   0    0    0  150   90    0   30  120    0  140]
 [ 245    0  130   70    0 1165   90    0  175    0]
 [   0    0    0    0    0    0 1635    0    0    0]
 [   0    0   70  140   80    0    0  520    0   90]
 [   0    0    0    0    0    0  100  120 2305    0]
 [   0    0    0  900  430    0    0  190  690  405]]


[[ 1.    0.    0.    0.    0.    0.    0.    0.    0.    0.  ]
 [ 0.    0.31  0.    0.    0.    0.    0.39  0.3   0.    0.  ]
 [ 0.    0.    0.6   0.    0.14  0.04  0.15  0.06  0.    0.  ]
 [ 0.    0.    0.28  0.41  0.06  0.    0.    0.2   0.04  0.  ]
 [ 0.    0.    0.    0.28  0.17  0.    0.06  0.23  0.    0.26]
 [ 0.13  0.    0.07  0.04  0.    0.62  0.05  0.    0.09  0.  ]
 [ 0.    0.    0.    0.    0.    0.    1.    0.    0.    0.  ]
 [ 0.    0.    0.08  0.16  0.09  0.    0.    0.58  0.    0.1 ]
 [ 0.    0.    0.    0.    0.    0.    0.04  0.05  0.91  0.  ]
 [ 0.    0.    0.    0.34  0.16  0.    0.    0.07  0.26  0.15]]


Model Accuracy: 0.622

Accuracy Per Class: [ 0.91   0.314  0.496  0.172  0.065  0.593  0.565  0.239  0.673  0.142]


