                    precision    recall  f1-score   support

        Basketball       0.43      0.72      0.54      6100
            Biking       0.87      0.81      0.84      9908
            Diving       0.98      0.99      0.99      7460
        Golf_swing       0.68      0.72      0.70      9160
      Horse_riding       0.91      0.94      0.93     14628
   Soccer_juggling       0.70      0.42      0.52     14504
             Swing       0.86      0.89      0.87      7340
      Tennis_swing       0.91      0.74      0.81      8212
Trampoline_jumping       0.88      0.95      0.91      7344
Volleyball_spiking       0.80      0.88      0.84      3904
           Walking       0.62      0.72      0.67      8540

       avg / total       0.79      0.78      0.78     97100


[[ 4394   122    78   124     0   217     0   368   268   243   286]
 [  240  8013    47    59     0   580   259    11   295     1   403]
 [    0     0  7408     0     0     0     0     4     0    48     0]
 [  338     0     0  6622     0   904     0    46     0   144  1106]
 [    3   342     0    50 13805     0    13     0     0    18   397]
 [ 3119     2     4  2703   268  6023   460   177    11   207  1530]
 [    0     3     0     0     8   250  6549     0   339   166    25]
 [ 1522     0     0   158     0   481     0  6043     0     8     0]
 [  178     0     0     0     0   137    11     0  6988    12    18]
 [  397     0     1     0    11    51     0     0     1  3443     0]
 [  127   729    14    34   997    23   342     0    64    22  6188]]

[[0.72 0.02 0.01 0.02 0.   0.04 0.   0.06 0.04 0.04 0.05]
 [0.02 0.81 0.   0.01 0.   0.06 0.03 0.   0.03 0.   0.04]
 [0.   0.   0.99 0.   0.   0.   0.   0.   0.   0.01 0.  ]
 [0.04 0.   0.   0.72 0.   0.1  0.   0.01 0.   0.02 0.12]
 [0.   0.02 0.   0.   0.94 0.   0.   0.   0.   0.   0.03]
 [0.22 0.   0.   0.19 0.02 0.42 0.03 0.01 0.   0.01 0.11]
 [0.   0.   0.   0.   0.   0.03 0.89 0.   0.05 0.02 0.  ]
 [0.19 0.   0.   0.02 0.   0.06 0.   0.74 0.   0.   0.  ]
 [0.02 0.   0.   0.   0.   0.02 0.   0.   0.95 0.   0.  ]
 [0.1  0.   0.   0.   0.   0.01 0.   0.   0.   0.88 0.  ]
 [0.01 0.09 0.   0.   0.12 0.   0.04 0.   0.01 0.   0.72]]

Accuracy: 0.7773017507723996

Accuracy Per Class: [0.365 0.722 0.974 0.539 0.868 0.351 0.777 0.685 0.84  0.721 0.503]