                    precision    recall  f1-score   support

        Basketball       0.43      0.72      0.54      6100
            Biking       0.88      0.82      0.85      9908
            Diving       0.98      1.00      0.99      7460
        Golf_swing       0.66      0.74      0.70      9160
      Horse_riding       0.90      0.95      0.93     14628
   Soccer_juggling       0.69      0.41      0.52     14504
             Swing       0.87      0.91      0.89      7340
      Tennis_swing       0.90      0.74      0.81      8212
Trampoline_jumping       0.90      0.95      0.93      7344
Volleyball_spiking       0.84      0.85      0.85      3904
           Walking       0.62      0.71      0.66      8540

       avg / total       0.79      0.78      0.78     97100


[[ 4363     2    86   272     0   207     0   353   270   180   367]
 [  204  8101    20    75     0   644   224    46   230     0   364]
 [    0     0  7448     0     0     0     0     0     0    12     0]
 [  165     0     0  6742     0   918     0    69     0   144  1122]
 [   22   302     0    25 13966     0    14     0     0    45   254]
 [ 3222    17     0  2862   293  5957   460   192     1    28  1472]
 [    0     0     0     0    21   229  6659     0   234   173    24]
 [ 1539     0     0   166     0   426     0  6081     0     0     0]
 [  195     0     0     0     0    31    38     0  7007     0    73]
 [  406     0    23     0     2   147     0     0     0  3326     0]
 [   75   773    15    48  1215    32   254     0    47    41  6040]]

[[0.72 0.   0.01 0.04 0.   0.03 0.   0.06 0.04 0.03 0.06]
 [0.02 0.82 0.   0.01 0.   0.06 0.02 0.   0.02 0.   0.04]
 [0.   0.   1.   0.   0.   0.   0.   0.   0.   0.   0.  ]
 [0.02 0.   0.   0.74 0.   0.1  0.   0.01 0.   0.02 0.12]
 [0.   0.02 0.   0.   0.95 0.   0.   0.   0.   0.   0.02]
 [0.22 0.   0.   0.2  0.02 0.41 0.03 0.01 0.   0.   0.1 ]
 [0.   0.   0.   0.   0.   0.03 0.91 0.   0.03 0.02 0.  ]
 [0.19 0.   0.   0.02 0.   0.05 0.   0.74 0.   0.   0.  ]
 [0.03 0.   0.   0.   0.   0.   0.01 0.   0.95 0.   0.01]
 [0.1  0.   0.01 0.   0.   0.04 0.   0.   0.   0.85 0.  ]
 [0.01 0.09 0.   0.01 0.14 0.   0.03 0.   0.01 0.   0.71]]

Accuracy: 0.7795056642636458

Accuracy Per Class: [0.366 0.736 0.979 0.535 0.864 0.348 0.799 0.685 0.862 0.735 0.494]