             precision    recall  f1-score   support

          0       0.90      0.75      0.82      2384
          1       1.00      0.32      0.48      1824
          2       0.71      0.61      0.66      2000
          3       0.26      0.51      0.34       816
          4       0.00      0.00      0.00       448
          5       0.94      0.66      0.77      1792
          6       0.55      0.93      0.69      1600
          7       0.22      0.52      0.31       832
          8       0.76      0.89      0.82      2448
          9       0.36      0.19      0.25      2512

avg / total       0.67      0.59      0.59     16656


[[1780    0    0    0    0    0    0    0    0  604]
 [   0  576    0    0    0    0  704  544    0    0]
 [  36    0 1224    0    0   80  303  355    2    0]
 [   0    0  175  415   48    0   57  120    1    0]
 [   0    0    0  219    0    0   20   97    0  112]
 [ 166    0  185    7    0 1183   55   74   48   74]
 [   0    0   77    0    0    0 1489   33    1    0]
 [   0    0   64  170   96    0    0  432    0   70]
 [   0    0    0    0   33    0   96  152 2167    0]
 [   0    0    0  783  457    0    0  176  615  481]]


[[ 0.75  0.    0.    0.    0.    0.    0.    0.    0.    0.25]
 [ 0.    0.32  0.    0.    0.    0.    0.39  0.3   0.    0.  ]
 [ 0.02  0.    0.61  0.    0.    0.04  0.15  0.18  0.    0.  ]
 [ 0.    0.    0.21  0.51  0.06  0.    0.07  0.15  0.    0.  ]
 [ 0.    0.    0.    0.49  0.    0.    0.04  0.22  0.    0.25]
 [ 0.09  0.    0.1   0.    0.    0.66  0.03  0.04  0.03  0.04]
 [ 0.    0.    0.05  0.    0.    0.    0.93  0.02  0.    0.  ]
 [ 0.    0.    0.08  0.2   0.12  0.    0.    0.52  0.    0.08]
 [ 0.    0.    0.    0.    0.01  0.    0.04  0.06  0.89  0.  ]
 [ 0.    0.    0.    0.31  0.18  0.    0.    0.07  0.24  0.19]]


Model Accuracy: 0.585

Accuracy Per Class: [ 0.688  0.316  0.489  0.208  0.     0.632  0.525  0.181  0.696  0.143]


