             precision    recall  f1-score   support

          0       0.91      1.00      0.95      2384
          1       1.00      0.33      0.50      1824
          2       0.65      0.61      0.63      2000
          3       0.24      0.45      0.32       816
          4       0.08      0.18      0.11       448
          5       0.94      0.66      0.78      1792
          6       0.55      0.91      0.69      1600
          7       0.30      0.58      0.39       832
          8       0.75      0.89      0.81      2448
          9       0.73      0.17      0.28      2512

avg / total       0.72      0.62      0.61     16656


[[2382    0    0    0    0    0    0    0    0    2]
 [   0  600    0    0    0    0  704  520    0    0]
 [   0    0 1221    0  288   80  332   79    0    0]
 [   0    0  193  371   48    0   44  145   15    0]
 [   0    0    0  128   80    0   16  112    0  112]
 [ 240    0  187   21    0 1190   10    0  144    0]
 [   0    0  123    0    0    0 1460   16    1    0]
 [   0    0   64  158   82    0    0  479    0   49]
 [   0    0   93   19    1    0   96   68 2171    0]
 [   0    0    0  832  495    0    0  181  574  430]]


[[ 1.    0.    0.    0.    0.    0.    0.    0.    0.    0.  ]
 [ 0.    0.33  0.    0.    0.    0.    0.39  0.29  0.    0.  ]
 [ 0.    0.    0.61  0.    0.14  0.04  0.17  0.04  0.    0.  ]
 [ 0.    0.    0.24  0.45  0.06  0.    0.05  0.18  0.02  0.  ]
 [ 0.    0.    0.    0.29  0.18  0.    0.04  0.25  0.    0.25]
 [ 0.13  0.    0.1   0.01  0.    0.66  0.01  0.    0.08  0.  ]
 [ 0.    0.    0.08  0.    0.    0.    0.91  0.01  0.    0.  ]
 [ 0.    0.    0.08  0.19  0.1   0.    0.    0.58  0.    0.06]
 [ 0.    0.    0.04  0.01  0.    0.    0.04  0.03  0.89  0.  ]
 [ 0.    0.    0.    0.33  0.2   0.    0.    0.07  0.23  0.17]]


Model Accuracy: 0.623

Accuracy Per Class: [ 0.908  0.329  0.459  0.188  0.059  0.636  0.521  0.245  0.682  0.161]


