             precision    recall  f1-score   support

          0       0.91      1.00      0.95      2384
          1       1.00      0.32      0.48      1824
          2       0.67      0.62      0.64      2000
          3       0.23      0.41      0.29       816
          4       0.09      0.18      0.12       448
          5       0.94      0.67      0.78      1792
          6       0.59      1.00      0.74      1600
          7       0.30      0.58      0.40       832
          8       0.73      0.92      0.81      2448
          9       0.67      0.15      0.25      2512

avg / total       0.71      0.63      0.62     16656


[[2384    0    0    0    0    0    0    0    0    0]
 [   0  576    0    0    0    0  704  544    0    0]
 [   0    0 1232    0  288   80  288  112    0    0]
 [   0    0  240  336   48    0    0  160   32    0]
 [   0    0    0  128   80    0   16  112    0  112]
 [ 240    0  192    0    0 1200    0    0  160    0]
 [   0    0    0    0    0    0 1600    0    0    0]
 [   0    0   64  128   80    0    0  480    0   80]
 [   0    0  112    0    0    0   96    0 2240    0]
 [   0    0    0  880  416    0    0  176  656  384]]


[[ 1.    0.    0.    0.    0.    0.    0.    0.    0.    0.  ]
 [ 0.    0.32  0.    0.    0.    0.    0.39  0.3   0.    0.  ]
 [ 0.    0.    0.62  0.    0.14  0.04  0.14  0.06  0.    0.  ]
 [ 0.    0.    0.29  0.41  0.06  0.    0.    0.2   0.04  0.  ]
 [ 0.    0.    0.    0.29  0.18  0.    0.04  0.25  0.    0.25]
 [ 0.13  0.    0.11  0.    0.    0.67  0.    0.    0.09  0.  ]
 [ 0.    0.    0.    0.    0.    0.    1.    0.    0.    0.  ]
 [ 0.    0.    0.08  0.15  0.1   0.    0.    0.58  0.    0.1 ]
 [ 0.    0.    0.05  0.    0.    0.    0.04  0.    0.92  0.  ]
 [ 0.    0.    0.    0.35  0.17  0.    0.    0.07  0.26  0.15]]


Model Accuracy: 0.631

Accuracy Per Class: [ 0.909  0.316  0.472  0.172  0.062  0.641  0.592  0.248  0.68   0.142]


