             precision    recall  f1-score   support

          0       0.88      0.74      0.81      2384
          1       1.00      0.32      0.48      1824
          2       0.76      0.62      0.68      2000
          3       0.30      0.59      0.40       816
          4       0.00      0.00      0.00       448
          5       0.94      0.67      0.78      1792
          6       0.57      1.00      0.73      1600
          7       0.24      0.56      0.34       832
          8       0.76      0.92      0.83      2448
          9       0.40      0.22      0.28      2512

avg / total       0.68      0.61      0.60     16656


[[1776    0    0    0    0    0    0    0    0  608]
 [   0  576    0    0    0    0  704  544    0    0]
 [   0    0 1232    0    0   80  288  400    0    0]
 [   0    0  128  480   48    0   96   64    0    0]
 [   0    0    0  256    0    0   16   64    0  112]
 [ 240    0  192    0    0 1200    0  112   48    0]
 [   0    0    0    0    0    0 1600    0    0    0]
 [   0    0   64  128   96    0    0  464    0   80]
 [   0    0    0    0    0    0   96  112 2240    0]
 [   0    0    0  720  416    0    0  176  656  544]]


[[ 0.74  0.    0.    0.    0.    0.    0.    0.    0.    0.26]
 [ 0.    0.32  0.    0.    0.    0.    0.39  0.3   0.    0.  ]
 [ 0.    0.    0.62  0.    0.    0.04  0.14  0.2   0.    0.  ]
 [ 0.    0.    0.16  0.59  0.06  0.    0.12  0.08  0.    0.  ]
 [ 0.    0.    0.    0.57  0.    0.    0.04  0.14  0.    0.25]
 [ 0.13  0.    0.11  0.    0.    0.67  0.    0.06  0.03  0.  ]
 [ 0.    0.    0.    0.    0.    0.    1.    0.    0.    0.  ]
 [ 0.    0.    0.08  0.15  0.12  0.    0.    0.56  0.    0.1 ]
 [ 0.    0.    0.    0.    0.    0.    0.04  0.05  0.92  0.  ]
 [ 0.    0.    0.    0.29  0.17  0.    0.    0.07  0.26  0.22]]


Model Accuracy: 0.607

Accuracy Per Class: [ 0.677  0.316  0.517  0.25   0.     0.641  0.571  0.201  0.711  0.164]


