             precision    recall  f1-score   support

          0       0.91      1.00      0.95      2448
          1       1.00      0.31      0.48      1842
          2       0.67      0.60      0.63      2064
          3       0.23      0.42      0.30       864
          4       0.09      0.17      0.12       522
          5       0.93      0.62      0.75      1848
          6       0.56      1.00      0.72      1620
          7       0.31      0.58      0.40       882
          8       0.72      0.91      0.81      2502
          9       0.63      0.15      0.25      2574

avg / total       0.70      0.62      0.61     17166


[[2448    0    0    0    0    0    0    0    0    0]
 [   0  576    0    0    0    0  720  546    0    0]
 [   0    0 1242    0  300   90  312  120    0    0]
 [   0    0  246  360   54    0    0  174   30    0]
 [   0    0    0  150   90    0   30  114    0  138]
 [ 240    0  192    0    0 1152   90    0  174    0]
 [   0    0    0    0    0    0 1620    0    0    0]
 [   0    0   66  138   78    0    0  510    0   90]
 [   0    0  120    0    0    0   96    0 2286    0]
 [   0    0    0  888  426    0    0  186  678  396]]


[[ 1.    0.    0.    0.    0.    0.    0.    0.    0.    0.  ]
 [ 0.    0.31  0.    0.    0.    0.    0.39  0.3   0.    0.  ]
 [ 0.    0.    0.6   0.    0.15  0.04  0.15  0.06  0.    0.  ]
 [ 0.    0.    0.28  0.42  0.06  0.    0.    0.2   0.03  0.  ]
 [ 0.    0.    0.    0.29  0.17  0.    0.06  0.22  0.    0.26]
 [ 0.13  0.    0.1   0.    0.    0.62  0.05  0.    0.09  0.  ]
 [ 0.    0.    0.    0.    0.    0.    1.    0.    0.    0.  ]
 [ 0.    0.    0.07  0.16  0.09  0.    0.    0.58  0.    0.1 ]
 [ 0.    0.    0.05  0.    0.    0.    0.04  0.    0.91  0.  ]
 [ 0.    0.    0.    0.34  0.17  0.    0.    0.07  0.26  0.15]]


Model Accuracy: 0.622

Accuracy Per Class: [ 0.911  0.313  0.462  0.176  0.065  0.594  0.565  0.252  0.676  0.141]


