             precision    recall  f1-score   support

          0       0.87      0.94      0.91      2448
          1       1.00      0.43      0.60      1842
          2       0.63      0.59      0.61      2064
          3       0.24      0.43      0.31       864
          4       0.07      0.11      0.08       522
          5       0.92      0.60      0.73      1848
          6       0.52      0.88      0.66      1620
          7       0.31      0.52      0.39       882
          8       0.71      0.89      0.79      2502
          9       0.57      0.19      0.29      2574

avg / total       0.68      0.61      0.60     17166


[[2313    0    0    0    0    0    0    0    0  135]
 [   0  798    0    0    0    0  720  324    0    0]
 [  97    0 1225    1  192   92  325  122   10    0]
 [   0    0  214  373   54    0   38  170   15    0]
 [   0    0    0  200   56    0   34   85   14  133]
 [ 221    0  245   32    0 1107   80    0  145   18]
 [   0    0  164    3    1    1 1422    5   24    0]
 [   0    0   66  167   70    0    4  460   34   81]
 [   0    0   42   39   19    0   97   74 2224    7]
 [  14    0    0  754  422    0    0  233  654  497]]


[[ 0.94  0.    0.    0.    0.    0.    0.    0.    0.    0.06]
 [ 0.    0.43  0.    0.    0.    0.    0.39  0.18  0.    0.  ]
 [ 0.05  0.    0.59  0.    0.09  0.04  0.16  0.06  0.    0.  ]
 [ 0.    0.    0.25  0.43  0.06  0.    0.04  0.2   0.02  0.  ]
 [ 0.    0.    0.    0.38  0.11  0.    0.07  0.16  0.03  0.25]
 [ 0.12  0.    0.13  0.02  0.    0.6   0.04  0.    0.08  0.01]
 [ 0.    0.    0.1   0.    0.    0.    0.88  0.    0.01  0.  ]
 [ 0.    0.    0.07  0.19  0.08  0.    0.    0.52  0.04  0.09]
 [ 0.    0.    0.02  0.02  0.01  0.    0.04  0.03  0.89  0.  ]
 [ 0.01  0.    0.    0.29  0.16  0.    0.    0.09  0.25  0.19]]


Model Accuracy: 0.61

Accuracy Per Class: [ 0.832  0.433  0.438  0.181  0.044  0.57   0.487  0.243  0.655  0.169]


