             precision    recall  f1-score   support

          0       0.87      0.86      0.86      2448
          1       1.00      0.41      0.58      1842
          2       0.68      0.57      0.62      2064
          3       0.26      0.48      0.34       864
          4       0.01      0.01      0.01       522
          5       0.90      0.64      0.74      1848
          6       0.50      0.88      0.63      1620
          7       0.26      0.48      0.33       882
          8       0.73      0.90      0.80      2502
          9       0.46      0.21      0.29      2574

avg / total       0.66      0.60      0.60     17166


[[2116    0    0    0    0    0    0    0    0  332]
 [   0  748    0    0    0    0  720  374    0    0]
 [ 110    0 1175    0    0  134  361  241   43    0]
 [   0    0  155  413   54    0   77  146   19    0]
 [   0    0    0  217    4    0   69   74   13  145]
 [ 190    0  196   21    0 1174  125    0   92   50]
 [   0    0  132   17    0    0 1428    9   34    0]
 [   0    0   66  185   62    0    4  421   42  102]
 [   0    0    0    0    0    0   96  149 2257    0]
 [  30    0    0  706  457    0    0  225  613  543]]


[[ 0.86  0.    0.    0.    0.    0.    0.    0.    0.    0.14]
 [ 0.    0.41  0.    0.    0.    0.    0.39  0.2   0.    0.  ]
 [ 0.05  0.    0.57  0.    0.    0.06  0.17  0.12  0.02  0.  ]
 [ 0.    0.    0.18  0.48  0.06  0.    0.09  0.17  0.02  0.  ]
 [ 0.    0.    0.    0.42  0.01  0.    0.13  0.14  0.02  0.28]
 [ 0.1   0.    0.11  0.01  0.    0.64  0.07  0.    0.05  0.03]
 [ 0.    0.    0.08  0.01  0.    0.    0.88  0.01  0.02  0.  ]
 [ 0.    0.    0.07  0.21  0.07  0.    0.    0.48  0.05  0.12]
 [ 0.    0.    0.    0.    0.    0.    0.04  0.06  0.9   0.  ]
 [ 0.01  0.    0.    0.27  0.18  0.    0.    0.09  0.24  0.21]]


Model Accuracy: 0.599

Accuracy Per Class: [ 0.762  0.406  0.45   0.205  0.004  0.592  0.465  0.2    0.672  0.17 ]


