                precision    recall  f1-score   support

           Car       0.80      0.99      0.88      2448
         Drink       0.92      0.42      0.58      1842
          Feed       0.60      0.60      0.60      2064
     Look left       0.24      0.42      0.30       864
    Look right       0.00      0.00      0.00       522
           Pet       0.83      0.63      0.72      1848
Play with ball       0.55      0.88      0.68      1620
         Shake       0.31      0.48      0.38       882
         Sniff       0.73      0.88      0.79      2502
          Walk       0.61      0.15      0.25      2574

   avg / total       0.65      0.61      0.59     17166


[[2416    0    0    0    0    0    0    0    0   32]
 [   0  781    0    0    0    0  720  341    0    0]
 [ 126    0 1242    0  184   90  304   91   27    0]
 [  83    0  193  360   54   45    1  128    0    0]
 [   0    0  142  146    0    0   44   66    0  124]
 [ 231   66  190    0    9 1163    0   94   95    0]
 [   0    0  171    0    0    0 1424   21    4    0]
 [ 120    1  144   62    0   11    0  419   29   96]
 [   0    0    1  120    0   89   96    0 2196    0]
 [  62    0    0  827  426    0    0  186  677  396]]

[[ 0.99  0.    0.    0.    0.    0.    0.    0.    0.    0.01]
 [ 0.    0.42  0.    0.    0.    0.    0.39  0.19  0.    0.  ]
 [ 0.06  0.    0.6   0.    0.09  0.04  0.15  0.04  0.01  0.  ]
 [ 0.1   0.    0.22  0.42  0.06  0.05  0.    0.15  0.    0.  ]
 [ 0.    0.    0.27  0.28  0.    0.    0.08  0.13  0.    0.24]
 [ 0.12  0.04  0.1   0.    0.    0.63  0.    0.05  0.05  0.  ]
 [ 0.    0.    0.11  0.    0.    0.    0.88  0.01  0.    0.  ]
 [ 0.14  0.    0.16  0.07  0.    0.01  0.    0.48  0.03  0.11]
 [ 0.    0.    0.    0.05  0.    0.04  0.04  0.    0.88  0.  ]
 [ 0.02  0.    0.    0.32  0.17  0.    0.    0.07  0.26  0.15]]

Accuracy: 0.605674006758

Accuracy Per Class: [ 0.787  0.409  0.428  0.178  0.     0.558  0.511  0.232  0.659  0.14 ]