             precision    recall  f1-score   support

          0       0.90      0.92      0.91      2448
          1       1.00      0.31      0.48      1842
          2       0.76      0.60      0.67      2064
          3       0.27      0.55      0.36       864
          4       0.00      0.00      0.00       522
          5       0.93      0.67      0.78      1848
          6       0.56      1.00      0.72      1620
          7       0.19      0.41      0.26       882
          8       0.75      0.91      0.82      2502
          9       0.56      0.21      0.31      2574

avg / total       0.70      0.62      0.61     17166


[[2250    0    0    0    0    0    0    0    0  198]
 [   0  576    0    0    0    0  720  546    0    0]
 [   0    0 1242    0    0   90  312  420    0    0]
 [   0    0  132  474   54    0    0  174   30    0]
 [   0    0    0  288    0    0   30   66    0  138]
 [ 240    0  192    0    0 1242  114    0   60    0]
 [   0    0    0    0    0    0 1620    0    0    0]
 [   0    0   66  258  108    0    0  360    0   90]
 [   0    0    0    0    0    0   96  120 2286    0]
 [   0    0    0  732  426    0    0  186  678  552]]


[[ 0.92  0.    0.    0.    0.    0.    0.    0.    0.    0.08]
 [ 0.    0.31  0.    0.    0.    0.    0.39  0.3   0.    0.  ]
 [ 0.    0.    0.6   0.    0.    0.04  0.15  0.2   0.    0.  ]
 [ 0.    0.    0.15  0.55  0.06  0.    0.    0.2   0.03  0.  ]
 [ 0.    0.    0.    0.55  0.    0.    0.06  0.13  0.    0.26]
 [ 0.13  0.    0.1   0.    0.    0.67  0.06  0.    0.03  0.  ]
 [ 0.    0.    0.    0.    0.    0.    1.    0.    0.    0.  ]
 [ 0.    0.    0.07  0.29  0.12  0.    0.    0.41  0.    0.1 ]
 [ 0.    0.    0.    0.    0.    0.    0.04  0.05  0.91  0.  ]
 [ 0.    0.    0.    0.28  0.17  0.    0.    0.07  0.26  0.21]]


Model Accuracy: 0.618

Accuracy Per Class: [ 0.837  0.313  0.506  0.221  0.     0.641  0.56   0.15   0.699  0.184]


