                precision    recall  f1-score   support

           Car       0.80      0.84      0.82      2448
         Drink       0.92      0.39      0.54      1842
          Feed       0.61      0.55      0.58      2064
     Look left       0.29      0.46      0.35       864
    Look right       0.00      0.00      0.00       522
           Pet       0.81      0.67      0.73      1848
Play with ball       0.49      0.86      0.62      1620
         Shake       0.27      0.42      0.33       882
         Sniff       0.75      0.90      0.82      2502
          Walk       0.38      0.19      0.25      2574

   avg / total       0.61      0.58      0.57     17166


[[2061    0   20    0    0    0    1    0    0  366]
 [   0  711    0    0    0    0  720  411    0    0]
 [ 209    0 1131    0    0   90  504  112   18    0]
 [  94    0  148  394   54  108    0   66    0    0]
 [   0    0  168  120    0    0   30   66    0  138]
 [ 222   66  139    0   18 1229  104    0   60   10]
 [   0    0  189    0    0    0 1387   40    4    0]
 [   0    0   68  135    0    1    0  371    8  299]
 [   0    0    1    0    0   26   96  120 2259    0]
 [   1    0    0  732  426   59    0  186  678  492]]

[[ 0.84  0.    0.01  0.    0.    0.    0.    0.    0.    0.15]
 [ 0.    0.39  0.    0.    0.    0.    0.39  0.22  0.    0.  ]
 [ 0.1   0.    0.55  0.    0.    0.04  0.24  0.05  0.01  0.  ]
 [ 0.11  0.    0.17  0.46  0.06  0.12  0.    0.08  0.    0.  ]
 [ 0.    0.    0.32  0.23  0.    0.    0.06  0.13  0.    0.26]
 [ 0.12  0.04  0.08  0.    0.01  0.67  0.06  0.    0.03  0.01]
 [ 0.    0.    0.12  0.    0.    0.    0.86  0.02  0.    0.  ]
 [ 0.    0.    0.08  0.15  0.    0.    0.    0.42  0.01  0.34]
 [ 0.    0.    0.    0.    0.    0.01  0.04  0.05  0.9   0.  ]
 [ 0.    0.    0.    0.28  0.17  0.02  0.    0.07  0.26  0.19]]

Accuracy: 0.584585809158

Accuracy Per Class: [ 0.693  0.373  0.404  0.213  0.     0.576  0.451  0.197  0.691  0.145]