             precision    recall  f1-score   support

          0       0.86      1.00      0.92      2480
          1       1.00      0.31      0.48      1850
          2       0.69      0.60      0.64      2094
          3       0.16      0.12      0.13       892
          4       0.00      0.00      0.00       530
          5       0.65      0.67      0.66      1872
          6       0.37      0.71      0.48      1634
          7       0.27      0.51      0.35       900
          8       0.69      0.72      0.70      2524
          9       0.53      0.35      0.42      2612

avg / total       0.62      0.58      0.57     17388


[[2480    0    0    0    0    0    0    0    0    0]
 [   0  580    0    0    0    0  720  550    0    0]
 [   0    0 1264    0    0   90  440    0  300    0]
 [  54    0  254  104    0    0  480    0    0    0]
 [   0    0    0    0    0  120   90    0   90  230]
 [ 244    0  130   70    0 1254    0   60  114    0]
 [   0    0    0    0    0  340 1160    0  134    0]
 [   0    0   70    0    0  140    0  460    0  230]
 [   0    0  120    0    0    0  144  100 1810  350]
 [ 120    0    0  490  240    0  124  534  190  914]]


[[ 1.    0.    0.    0.    0.    0.    0.    0.    0.    0.  ]
 [ 0.    0.31  0.    0.    0.    0.    0.39  0.3   0.    0.  ]
 [ 0.    0.    0.6   0.    0.    0.04  0.21  0.    0.14  0.  ]
 [ 0.06  0.    0.28  0.12  0.    0.    0.54  0.    0.    0.  ]
 [ 0.    0.    0.    0.    0.    0.23  0.17  0.    0.17  0.43]
 [ 0.13  0.    0.07  0.04  0.    0.67  0.    0.03  0.06  0.  ]
 [ 0.    0.    0.    0.    0.    0.21  0.71  0.    0.08  0.  ]
 [ 0.    0.    0.08  0.    0.    0.16  0.    0.51  0.    0.26]
 [ 0.    0.    0.05  0.    0.    0.    0.06  0.04  0.72  0.14]
 [ 0.05  0.    0.    0.19  0.09  0.    0.05  0.2   0.07  0.35]]


Model Accuracy: 0.577

Accuracy Per Class: [ 0.856  0.314  0.474  0.072  0.     0.489  0.319  0.215  0.54   0.267]


