             precision    recall  f1-score   support

          0       0.84      1.00      0.91      2480
          1       0.89      0.31      0.46      1850
          2       0.66      0.54      0.59      2094
          3       0.20      0.20      0.20       892
          4       0.00      0.00      0.00       530
          5       0.60      0.59      0.59      1872
          6       0.36      0.68      0.47      1634
          7       0.20      0.44      0.28       900
          8       0.72      0.70      0.71      2524
          9       0.51      0.32      0.39      2612

avg / total       0.59      0.55      0.55     17388


[[2479    0    0    0    0    0    0    0    0    1]
 [   0  578    7    0    0    0  715  545    0    5]
 [  48    0 1122    3    0  169  353  172  141   86]
 [  25    0  229  182    4  102  229   35    1   85]
 [  20    0   10   41    0  112   66   16  110  155]
 [ 244    0  158  100    0 1096   44   85  114   31]
 [   2   15   48   25    7  248 1107   27   70   85]
 [   0    0   75   54    5  102   90  398   20  156]
 [   0   58   59   35    0    0  277  125 1775  195]
 [ 143    0    0  461  222    6  159  565  230  826]]


[[ 1.    0.    0.    0.    0.    0.    0.    0.    0.    0.  ]
 [ 0.    0.31  0.    0.    0.    0.    0.39  0.29  0.    0.  ]
 [ 0.02  0.    0.54  0.    0.    0.08  0.17  0.08  0.07  0.04]
 [ 0.03  0.    0.26  0.2   0.    0.11  0.26  0.04  0.    0.1 ]
 [ 0.04  0.    0.02  0.08  0.    0.21  0.12  0.03  0.21  0.29]
 [ 0.13  0.    0.08  0.05  0.    0.59  0.02  0.05  0.06  0.02]
 [ 0.    0.01  0.03  0.02  0.    0.15  0.68  0.02  0.04  0.05]
 [ 0.    0.    0.08  0.06  0.01  0.11  0.1   0.44  0.02  0.17]
 [ 0.    0.02  0.02  0.01  0.    0.    0.11  0.05  0.7   0.08]
 [ 0.05  0.    0.    0.18  0.08  0.    0.06  0.22  0.09  0.32]]


Model Accuracy: 0.55

Accuracy Per Class: [ 0.837  0.301  0.419  0.113  0.     0.42   0.31   0.161  0.553  0.242]


