                precision    recall  f1-score   support

           Car       0.84      1.00      0.91      2480
         Drink       0.89      0.31      0.46      1850
          Feed       0.66      0.54      0.59      2094
     Look left       0.20      0.20      0.20       892
    Look right       0.00      0.00      0.00       530
           Pet       0.60      0.58      0.59      1872
Play with ball       0.36      0.68      0.47      1634
         Shake       0.20      0.44      0.28       900
         Sniff       0.72      0.70      0.71      2524
          Walk       0.51      0.32      0.39      2612

   avg / total       0.59      0.55      0.55     17388


[[2479    0    0    0    0    0    0    0    0    1]
 [   0  578    7    0    0    0  716  545    0    4]
 [  47    0 1124    3    0  168  358  170  141   83]
 [  27    0  228  177    4  102  229   34    1   90]
 [  20    0   10   41    0  112   66   15  110  156]
 [ 244    0  159  100    0 1095   43   88  114   29]
 [   1   14   49   24    7  246 1111   25   72   85]
 [   0    0   76   53    5  102   90  400   20  154]
 [   0   58   58   35    0    0  282  125 1774  192]
 [ 142    0    0  459  223    6  159  568  229  826]]

[[ 1.    0.    0.    0.    0.    0.    0.    0.    0.    0.  ]
 [ 0.    0.31  0.    0.    0.    0.    0.39  0.29  0.    0.  ]
 [ 0.02  0.    0.54  0.    0.    0.08  0.17  0.08  0.07  0.04]
 [ 0.03  0.    0.26  0.2   0.    0.11  0.26  0.04  0.    0.1 ]
 [ 0.04  0.    0.02  0.08  0.    0.21  0.12  0.03  0.21  0.29]
 [ 0.13  0.    0.08  0.05  0.    0.58  0.02  0.05  0.06  0.02]
 [ 0.    0.01  0.03  0.01  0.    0.15  0.68  0.02  0.04  0.05]
 [ 0.    0.    0.08  0.06  0.01  0.11  0.1   0.44  0.02  0.17]
 [ 0.    0.02  0.02  0.01  0.    0.    0.11  0.05  0.7   0.08]
 [ 0.05  0.    0.    0.18  0.09  0.    0.06  0.22  0.09  0.32]]

Accuracy: 0.550034506556

Accuracy Per Class: [ 0.837  0.301  0.419  0.11   0.     0.42   0.311  0.162  0.552  0.243]