                    precision    recall  f1-score   support

        Basketball       0.45      0.72      0.55      5960
            Biking       0.84      0.79      0.82      9776
            Diving       0.99      0.99      0.99      7384
        Golf_swing       0.67      0.72      0.70      9056
      Horse_riding       0.94      0.93      0.94     14560
   Soccer_juggling       0.70      0.42      0.52     14432
             Swing       0.85      0.91      0.88      7216
      Tennis_swing       0.93      0.73      0.81      8104
Trampoline_jumping       0.87      0.97      0.92      7288
Volleyball_spiking       0.82      0.83      0.82      3832
           Walking       0.55      0.72      0.63      8536

       avg / total       0.79      0.77      0.77     96144


[[ 4296   118    79   197     0   160     0   296   309   191   314]
 [  230  7768     0    13     0   598   232    96   403     9   427]
 [   27     0  7317     0     0     0     0    34     0     6     0]
 [  403     0     0  6548     0   913     0     0     0   144  1048]
 [    1   410     0    24 13581     0    35     0     0    17   492]
 [ 2396     5     5  2797    25  5992   456    36    28   117  2575]
 [    0     0     0     0     0   174  6583     0   310   149     0]
 [ 1509     0     0   166     0   532     0  5883     0    14     0]
 [   23     0     1     0     0    82     0     0  7055    32    95]
 [  570     0     0     0     0    94     0     0     0  3168     0]
 [  184   915    25     0   806    37   411     0    16     6  6136]]

[[0.72 0.02 0.01 0.03 0.   0.03 0.   0.05 0.05 0.03 0.05]
 [0.02 0.79 0.   0.   0.   0.06 0.02 0.01 0.04 0.   0.04]
 [0.   0.   0.99 0.   0.   0.   0.   0.   0.   0.   0.  ]
 [0.04 0.   0.   0.72 0.   0.1  0.   0.   0.   0.02 0.12]
 [0.   0.03 0.   0.   0.93 0.   0.   0.   0.   0.   0.03]
 [0.17 0.   0.   0.19 0.   0.42 0.03 0.   0.   0.01 0.18]
 [0.   0.   0.   0.   0.   0.02 0.91 0.   0.04 0.02 0.  ]
 [0.19 0.   0.   0.02 0.   0.07 0.   0.73 0.   0.   0.  ]
 [0.   0.   0.   0.   0.   0.01 0.   0.   0.97 0.   0.01]
 [0.15 0.   0.   0.   0.   0.02 0.   0.   0.   0.83 0.  ]
 [0.02 0.11 0.   0.   0.09 0.   0.05 0.   0.   0.   0.72]]

Accuracy: 0.7730799633882509

Accuracy Per Class: [0.38  0.692 0.976 0.534 0.882 0.352 0.788 0.687 0.845 0.701 0.455]