                    precision    recall  f1-score   support

        Basketball       0.45      0.71      0.55      5960
            Biking       0.88      0.82      0.85      9776
            Diving       0.97      1.00      0.98      7384
        Golf_swing       0.67      0.74      0.70      9056
      Horse_riding       0.92      0.94      0.93     14560
   Soccer_juggling       0.68      0.41      0.51     14432
             Swing       0.86      0.91      0.89      7216
      Tennis_swing       0.87      0.75      0.81      8104
Trampoline_jumping       0.91      0.95      0.93      7288
Volleyball_spiking       0.87      0.83      0.85      3832
           Walking       0.58      0.72      0.64      8536

       avg / total       0.79      0.78      0.78     96144


[[ 4227     0   125   258     0   243     0   343   236    95   433]
 [  178  8038    11    35     0   635   206    69   283     0   321]
 [    0     0  7384     0     0     0     0     0     0     0     0]
 [  165     0     0  6726     0   926     0    10     0   144  1085]
 [   88   362     0     0 13731     0    17     0     0    58   304]
 [ 2611     0     0  2846     5  5878   456   490     0     0  2146]
 [    0     0     0     0     0   305  6584     0   182   144     1]
 [ 1486     0     0   168     0   333     0  6117     0     0     0]
 [  178     0     0     0     0    40    25     0  6935     0   110]
 [  404     0    19     0     0   232     0     0     0  3177     0]
 [   68   759    70     1  1134     0   336     0     5    18  6145]]

[[0.71 0.   0.02 0.04 0.   0.04 0.   0.06 0.04 0.02 0.07]
 [0.02 0.82 0.   0.   0.   0.06 0.02 0.01 0.03 0.   0.03]
 [0.   0.   1.   0.   0.   0.   0.   0.   0.   0.   0.  ]
 [0.02 0.   0.   0.74 0.   0.1  0.   0.   0.   0.02 0.12]
 [0.01 0.02 0.   0.   0.94 0.   0.   0.   0.   0.   0.02]
 [0.18 0.   0.   0.2  0.   0.41 0.03 0.03 0.   0.   0.15]
 [0.   0.   0.   0.   0.   0.04 0.91 0.   0.03 0.02 0.  ]
 [0.18 0.   0.   0.02 0.   0.04 0.   0.75 0.   0.   0.  ]
 [0.02 0.   0.   0.   0.   0.01 0.   0.   0.95 0.   0.02]
 [0.11 0.   0.   0.   0.   0.06 0.   0.   0.   0.83 0.  ]
 [0.01 0.09 0.01 0.   0.13 0.   0.04 0.   0.   0.   0.72]]

Accuracy: 0.7794766184057248

Accuracy Per Class: [0.38  0.738 0.97  0.544 0.875 0.343 0.797 0.678 0.868 0.74  0.475]