             precision    recall  f1-score   support

          0       0.86      1.00      0.93      2480
          1       1.00      0.31      0.48      1850
          2       0.69      0.60      0.64      2095
          3       0.42      0.51      0.46       895
          4       0.00      0.00      0.00       530
          5       0.61      0.67      0.64      1875
          6       0.41      0.66      0.51      1635
          7       0.27      0.51      0.35       900
          8       0.77      0.72      0.74      2525
          9       0.45      0.35      0.39      2615

avg / total       0.63      0.59      0.59     17400


[[2480    0    0    0    0    0    0    0    0    0]
 [   0  580    0    0    0    0  720  550    0    0]
 [   0    0 1265    0    0   90  440    0    0  300]
 [   0    0  255  460    0  110   70    0    0    0]
 [  30    0    0    0    0  120   30    0   90  260]
 [ 245    0  130   70    0 1255    0   60  115    0]
 [   0    0    0   80    0  340 1080    0  135    0]
 [   0    0   70    0    0  140    0  460    0  230]
 [   0    0  120    0    0    0  145  100 1810  350]
 [ 120    0    0  490  240    0  125  535  190  915]]


[[ 1.    0.    0.    0.    0.    0.    0.    0.    0.    0.  ]
 [ 0.    0.31  0.    0.    0.    0.    0.39  0.3   0.    0.  ]
 [ 0.    0.    0.6   0.    0.    0.04  0.21  0.    0.    0.14]
 [ 0.    0.    0.28  0.51  0.    0.12  0.08  0.    0.    0.  ]
 [ 0.06  0.    0.    0.    0.    0.23  0.06  0.    0.17  0.49]
 [ 0.13  0.    0.07  0.04  0.    0.67  0.    0.03  0.06  0.  ]
 [ 0.    0.    0.    0.05  0.    0.21  0.66  0.    0.08  0.  ]
 [ 0.    0.    0.08  0.    0.    0.16  0.    0.51  0.    0.26]
 [ 0.    0.    0.05  0.    0.    0.    0.06  0.04  0.72  0.14]
 [ 0.05  0.    0.    0.19  0.09  0.    0.05  0.2   0.07  0.35]]


Model Accuracy: 0.592

Accuracy Per Class: [ 0.863  0.314  0.474  0.3    0.     0.469  0.341  0.214  0.592  0.244]


