             precision    recall  f1-score   support

          0       0.86      1.00      0.93      2480
          1       1.00      0.31      0.48      1850
          2       0.69      0.60      0.64      2095
          3       0.39      0.64      0.49       895
          4       0.00      0.00      0.00       530
          5       0.65      0.67      0.66      1875
          6       0.41      0.66      0.51      1635
          7       0.29      0.51      0.37       900
          8       0.77      0.72      0.74      2525
          9       0.38      0.28      0.32      2615

avg / total       0.62      0.59      0.58     17400


[[2480    0    0    0    0    0    0    0    0    0]
 [   0  580    0    0    0    0  720  550    0    0]
 [   0    0 1265    0    0   90  440    0    0  300]
 [   0    0  255  570    0    0   70    0    0    0]
 [  30    0    0   50    0  120   30    0   90  210]
 [ 245    0  130   70    0 1255    0   60  115    0]
 [   0    0    0   80    0  340 1080    0  135    0]
 [   0    0   70    0    0  140    0  460    0  230]
 [   0    0  120    0    0    0  145    0 1810  450]
 [ 120    0    0  680  240    0  125  535  190  725]]


[[ 1.    0.    0.    0.    0.    0.    0.    0.    0.    0.  ]
 [ 0.    0.31  0.    0.    0.    0.    0.39  0.3   0.    0.  ]
 [ 0.    0.    0.6   0.    0.    0.04  0.21  0.    0.    0.14]
 [ 0.    0.    0.28  0.64  0.    0.    0.08  0.    0.    0.  ]
 [ 0.06  0.    0.    0.09  0.    0.23  0.06  0.    0.17  0.4 ]
 [ 0.13  0.    0.07  0.04  0.    0.67  0.    0.03  0.06  0.  ]
 [ 0.    0.    0.    0.05  0.    0.21  0.66  0.    0.08  0.  ]
 [ 0.    0.    0.08  0.    0.    0.16  0.    0.51  0.    0.26]
 [ 0.    0.    0.05  0.    0.    0.    0.06  0.    0.72  0.18]
 [ 0.05  0.    0.    0.26  0.09  0.    0.05  0.2   0.07  0.28]]


Model Accuracy: 0.588

Accuracy Per Class: [ 0.863  0.314  0.474  0.321  0.     0.489  0.341  0.225  0.592  0.191]


