             precision    recall  f1-score   support

          0       0.86      1.00      0.92      2480
          1       0.99      0.31      0.48      1850
          2       0.68      0.60      0.64      2095
          3       0.31      0.37      0.34       895
          4       0.00      0.00      0.00       530
          5       0.61      0.66      0.63      1875
          6       0.40      0.66      0.50      1635
          7       0.23      0.44      0.30       900
          8       0.76      0.73      0.74      2525
          9       0.46      0.34      0.39      2615

avg / total       0.62      0.58      0.57     17400


[[2480    0    0    0    0    0    0    0    0    0]
 [   0  580    0    0    0    0  720  550    0    0]
 [  39    0 1256   10    0  152  317   41   91  189]
 [  25    0  238  335    0   70  136   23    0   68]
 [  15    0   15   26    0  106   37    6   83  242]
 [ 245    0  143   55    0 1234    3   59  115   21]
 [   8    0   27   56    4  316 1074   31   67   52]
 [   0    0   75   56    0  139   18  398    2  212]
 [   0    3   85    1    0    0  240  102 1842  252]
 [  75    0    0  525  237    0  126  533  226  893]]


[[ 1.    0.    0.    0.    0.    0.    0.    0.    0.    0.  ]
 [ 0.    0.31  0.    0.    0.    0.    0.39  0.3   0.    0.  ]
 [ 0.02  0.    0.6   0.    0.    0.07  0.15  0.02  0.04  0.09]
 [ 0.03  0.    0.27  0.37  0.    0.08  0.15  0.03  0.    0.08]
 [ 0.03  0.    0.03  0.05  0.    0.2   0.07  0.01  0.16  0.46]
 [ 0.13  0.    0.08  0.03  0.    0.66  0.    0.03  0.06  0.01]
 [ 0.    0.    0.02  0.03  0.    0.19  0.66  0.02  0.04  0.03]
 [ 0.    0.    0.08  0.06  0.    0.15  0.02  0.44  0.    0.24]
 [ 0.    0.    0.03  0.    0.    0.    0.1   0.04  0.73  0.1 ]
 [ 0.03  0.    0.    0.2   0.09  0.    0.05  0.2   0.09  0.34]]


Model Accuracy: 0.58

Accuracy Per Class: [ 0.859  0.313  0.469  0.206  0.     0.464  0.332  0.177  0.592  0.245]


