             precision    recall  f1-score   support

          0       0.84      1.00      0.91      2480
          1       0.99      0.31      0.48      1850
          2       0.69      0.60      0.64      2095
          3       0.28      0.42      0.34       895
          4       0.00      0.00      0.00       530
          5       0.61      0.62      0.62      1875
          6       0.39      0.65      0.49      1635
          7       0.24      0.47      0.32       900
          8       0.78      0.71      0.74      2525
          9       0.43      0.29      0.35      2615

avg / total       0.61      0.57      0.56     17400


[[2474    0    0    0    0    0    0    0    0    6]
 [   0  580    0    0    0    0  720  550    0    0]
 [  95    0 1262    3    0  152  314   46   55  168]
 [  15    0  240  374    4   35  146   24    0   57]
 [  25    0    6   45    0  114   41    8   72  219]
 [ 245    0  141   78    0 1171   16   61  115   48]
 [  14    0   34   54    0  336 1055   17   75   50]
 [   0    0   71   93    0   99   20  421    3  193]
 [   0    4   88   24    0    0  258   66 1805  280]
 [  79    0    0  647  237    0  130  554  202  766]]


[[ 1.    0.    0.    0.    0.    0.    0.    0.    0.    0.  ]
 [ 0.    0.31  0.    0.    0.    0.    0.39  0.3   0.    0.  ]
 [ 0.05  0.    0.6   0.    0.    0.07  0.15  0.02  0.03  0.08]
 [ 0.02  0.    0.27  0.42  0.    0.04  0.16  0.03  0.    0.06]
 [ 0.05  0.    0.01  0.08  0.    0.22  0.08  0.02  0.14  0.41]
 [ 0.13  0.    0.08  0.04  0.    0.62  0.01  0.03  0.06  0.03]
 [ 0.01  0.    0.02  0.03  0.    0.21  0.65  0.01  0.05  0.03]
 [ 0.    0.    0.08  0.1   0.    0.11  0.02  0.47  0.    0.21]
 [ 0.    0.    0.03  0.01  0.    0.    0.1   0.03  0.71  0.11]
 [ 0.03  0.    0.    0.25  0.09  0.    0.05  0.21  0.08  0.29]]


Model Accuracy: 0.569

Accuracy Per Class: [ 0.838  0.313  0.472  0.203  0.     0.448  0.322  0.189  0.592  0.211]


