             precision    recall  f1-score   support

          0       0.88      0.74      0.81      2432
          1       1.00      0.31      0.48      1840
          2       0.76      0.61      0.68      2056
          3       0.29      0.55      0.38       840
          4       0.00      0.00      0.00       496
          5       0.93      0.63      0.75      1840
          6       0.53      1.00      0.69      1608
          7       0.26      0.55      0.35       872
          8       0.75      0.91      0.82      2488
          9       0.40      0.22      0.28      2584

avg / total       0.67      0.60      0.59     17056


[[1808    0    0    0    0    0    0    0    0  624]
 [   0  576    0    0    0    0  720  544    0    0]
 [   0    0 1248    0    0   88  304  416    0    0]
 [   0    0  128  464   48    0  104   64   32    0]
 [   0    0    0  280    0    0   24   64    0  128]
 [ 240    0  192    0    0 1152  200    0   56    0]
 [   0    0    0    0    0    0 1608    0    0    0]
 [   0    0   64  136  104    0    0  480    0   88]
 [   0    0    0    0    0    0   96  120 2272    0]
 [   0    0    0  736  424    0    0  184  680  560]]


[[ 0.74  0.    0.    0.    0.    0.    0.    0.    0.    0.26]
 [ 0.    0.31  0.    0.    0.    0.    0.39  0.3   0.    0.  ]
 [ 0.    0.    0.61  0.    0.    0.04  0.15  0.2   0.    0.  ]
 [ 0.    0.    0.15  0.55  0.06  0.    0.12  0.08  0.04  0.  ]
 [ 0.    0.    0.    0.56  0.    0.    0.05  0.13  0.    0.26]
 [ 0.13  0.    0.1   0.    0.    0.63  0.11  0.    0.03  0.  ]
 [ 0.    0.    0.    0.    0.    0.    1.    0.    0.    0.  ]
 [ 0.    0.    0.07  0.16  0.12  0.    0.    0.55  0.    0.1 ]
 [ 0.    0.    0.    0.    0.    0.    0.04  0.05  0.91  0.  ]
 [ 0.    0.    0.    0.28  0.16  0.    0.    0.07  0.26  0.22]]


Model Accuracy: 0.596

Accuracy Per Class: [ 0.677  0.313  0.511  0.233  0.     0.598  0.526  0.212  0.698  0.164]


