                precision    recall  f1-score   support

           Car       0.85      1.00      0.92      2432
         Drink       0.92      0.42      0.58      1840
          Feed       0.69      0.60      0.64      2056
     Look left       0.22      0.42      0.29       840
    Look right       0.02      0.04      0.03       496
           Pet       0.75      0.65      0.70      1840
Play with ball       0.55      0.98      0.71      1608
         Shake       0.31      0.46      0.37       872
         Sniff       0.72      0.84      0.78      2488
          Walk       0.75      0.15      0.26      2584

   avg / total       0.68      0.61      0.60     17056


[[2432    0    0    0    0    0    0    0    0    0]
 [   0  776    3    0    0    0  720  341    0    0]
 [  11    0 1237    0  296   88  315  109    0    0]
 [  73    0  199  352   48  100    4   64    0    0]
 [   0    0   79  144   18    0   24  103    0  128]
 [ 235   64  128    0    5 1197  112   43   56    0]
 [   0    0    0    0    0    0 1582   26    0    0]
 [  90    0  144  124   11   10    0  404   84    5]
 [   0    0    1  120    0  183   96    0 2088    0]
 [  16    0    0  866  424   15    0  198  665  400]]

[[ 1.    0.    0.    0.    0.    0.    0.    0.    0.    0.  ]
 [ 0.    0.42  0.    0.    0.    0.    0.39  0.19  0.    0.  ]
 [ 0.01  0.    0.6   0.    0.14  0.04  0.15  0.05  0.    0.  ]
 [ 0.09  0.    0.24  0.42  0.06  0.12  0.    0.08  0.    0.  ]
 [ 0.    0.    0.16  0.29  0.04  0.    0.05  0.21  0.    0.26]
 [ 0.13  0.03  0.07  0.    0.    0.65  0.06  0.02  0.03  0.  ]
 [ 0.    0.    0.    0.    0.    0.    0.98  0.02  0.    0.  ]
 [ 0.1   0.    0.17  0.14  0.01  0.01  0.    0.46  0.1   0.01]
 [ 0.    0.    0.    0.05  0.    0.07  0.04  0.    0.84  0.  ]
 [ 0.01  0.    0.    0.34  0.16  0.01  0.    0.08  0.26  0.15]]

Accuracy: 0.614798311445

Accuracy Per Class: [ 0.851  0.408  0.474  0.168  0.014  0.535  0.549  0.23   0.634  0.147]