             precision    recall  f1-score   support

          0       0.91      1.00      0.95      2432
          1       1.00      0.31      0.48      1840
          2       0.69      0.61      0.65      2056
          3       0.22      0.42      0.29       840
          4       0.09      0.18      0.12       496
          5       0.93      0.67      0.78      1840
          6       0.56      1.00      0.72      1608
          7       0.31      0.58      0.40       872
          8       0.75      0.91      0.82      2488
          9       0.65      0.15      0.25      2584

avg / total       0.71      0.63      0.61     17056


[[2432    0    0    0    0    0    0    0    0    0]
 [   0  576    0    0    0    0  720  544    0    0]
 [   0    0 1248    0  296   88  304  120    0    0]
 [   0    0  240  352   48    0    0  168   32    0]
 [   0    0    0  144   88    0   24  112    0  128]
 [ 240    0  128   64    0 1240  112    0   56    0]
 [   0    0    0    0    0    0 1608    0    0    0]
 [   0    0   64  136   80    0    0  504    0   88]
 [   0    0  120    0    0    0   96    0 2272    0]
 [   0    0    0  896  424    0    0  184  680  400]]


[[ 1.    0.    0.    0.    0.    0.    0.    0.    0.    0.  ]
 [ 0.    0.31  0.    0.    0.    0.    0.39  0.3   0.    0.  ]
 [ 0.    0.    0.61  0.    0.14  0.04  0.15  0.06  0.    0.  ]
 [ 0.    0.    0.29  0.42  0.06  0.    0.    0.2   0.04  0.  ]
 [ 0.    0.    0.    0.29  0.18  0.    0.05  0.23  0.    0.26]
 [ 0.13  0.    0.07  0.03  0.    0.67  0.06  0.    0.03  0.  ]
 [ 0.    0.    0.    0.    0.    0.    1.    0.    0.    0.  ]
 [ 0.    0.    0.07  0.16  0.09  0.    0.    0.58  0.    0.1 ]
 [ 0.    0.    0.05  0.    0.    0.    0.04  0.    0.91  0.  ]
 [ 0.    0.    0.    0.35  0.16  0.    0.    0.07  0.26  0.15]]


Model Accuracy: 0.629

Accuracy Per Class: [ 0.91   0.313  0.479  0.169  0.065  0.643  0.561  0.252  0.698  0.143]


