             precision    recall  f1-score   support

          0       0.91      0.98      0.95      2432
          1       1.00      0.44      0.61      1840
          2       0.66      0.59      0.63      2056
          3       0.23      0.41      0.29       840
          4       0.08      0.15      0.10       496
          5       0.93      0.63      0.75      1840
          6       0.52      0.93      0.66      1608
          7       0.33      0.57      0.42       872
          8       0.77      0.88      0.82      2488
          9       0.64      0.21      0.32      2584

avg / total       0.71      0.63      0.63     17056


[[2384    0    0    0    0    0    0    0    0   48]
 [   0  814    0    0    0    0  720  306    0    0]
 [  20    0 1219    0  286   89  336  106    0    0]
 [   0    0  221  345   49    0   80  120   25    0]
 [   0    0    0  168   74    0   24  102    1  127]
 [ 188    0  204   39    0 1164  130    0   64   51]
 [   0    0   93    0    0    0 1494   15    6    0]
 [   0    0   64  155   77    0    6  494    7   69]
 [   0    0   43   34   27    0   96   99 2187    2]
 [  14    0    0  768  467    0    0  234  562  539]]


[[ 0.98  0.    0.    0.    0.    0.    0.    0.    0.    0.02]
 [ 0.    0.44  0.    0.    0.    0.    0.39  0.17  0.    0.  ]
 [ 0.01  0.    0.59  0.    0.14  0.04  0.16  0.05  0.    0.  ]
 [ 0.    0.    0.26  0.41  0.06  0.    0.1   0.14  0.03  0.  ]
 [ 0.    0.    0.    0.34  0.15  0.    0.05  0.21  0.    0.26]
 [ 0.1   0.    0.11  0.02  0.    0.63  0.07  0.    0.03  0.03]
 [ 0.    0.    0.06  0.    0.    0.    0.93  0.01  0.    0.  ]
 [ 0.    0.    0.07  0.18  0.09  0.    0.01  0.57  0.01  0.08]
 [ 0.    0.    0.02  0.01  0.01  0.    0.04  0.04  0.88  0.  ]
 [ 0.01  0.    0.    0.3   0.18  0.    0.    0.09  0.22  0.21]]


Model Accuracy: 0.628

Accuracy Per Class: [ 0.898  0.442  0.455  0.172  0.053  0.603  0.498  0.266  0.694  0.187]


