                precision    recall  f1-score   support

           Car       0.86      0.81      0.84      2432
         Drink       0.90      0.31      0.46      1840
          Feed       0.72      0.54      0.62      2056
     Look left       0.30      0.50      0.37       840
    Look right       0.00      0.00      0.00       496
           Pet       0.73      0.67      0.70      1840
Play with ball       0.52      0.95      0.67      1608
         Shake       0.23      0.44      0.31       872
         Sniff       0.73      0.88      0.79      2488
          Walk       0.34      0.16      0.22      2584

   avg / total       0.62      0.58      0.57     17056


[[1980    0    8    0    0    0    1    0    0  443]
 [   0  576    0    0    0    0  720  544    0    0]
 [  11    0 1112    0    0   88  440  215  190    0]
 [  72    0  128  424   48   98    6   64    0    0]
 [   0    0   95  184    0    0   25   64    0  128]
 [ 232   64  135    0    8 1233  112    0   56    0]
 [   0    0    0    0    0    0 1533   75    0    0]
 [   0    0   64   93   74    0   20  386    0  235]
 [   0    0    1    0    0   90   96  120 2181    0]
 [   1    0    0  736  501  176    0  184  576  410]]

[[ 0.81  0.    0.    0.    0.    0.    0.    0.    0.    0.18]
 [ 0.    0.31  0.    0.    0.    0.    0.39  0.3   0.    0.  ]
 [ 0.01  0.    0.54  0.    0.    0.04  0.21  0.1   0.09  0.  ]
 [ 0.09  0.    0.15  0.5   0.06  0.12  0.01  0.08  0.    0.  ]
 [ 0.    0.    0.19  0.37  0.    0.    0.05  0.13  0.    0.26]
 [ 0.13  0.03  0.07  0.    0.    0.67  0.06  0.    0.03  0.  ]
 [ 0.    0.    0.    0.    0.    0.    0.95  0.05  0.    0.  ]
 [ 0.    0.    0.07  0.11  0.08  0.    0.02  0.44  0.    0.27]
 [ 0.    0.    0.    0.    0.    0.04  0.04  0.05  0.88  0.  ]
 [ 0.    0.    0.    0.28  0.19  0.07  0.    0.07  0.22  0.16]]

Accuracy: 0.576629924953

Accuracy Per Class: [ 0.721  0.303  0.447  0.229  0.     0.538  0.506  0.181  0.659  0.121]