             precision    recall  f1-score   support

          0       0.90      0.83      0.86      2432
          1       1.00      0.36      0.53      1840
          2       0.70      0.58      0.64      2056
          3       0.24      0.44      0.31       840
          4       0.01      0.01      0.01       496
          5       0.91      0.63      0.75      1840
          6       0.50      0.92      0.65      1608
          7       0.26      0.53      0.35       872
          8       0.75      0.89      0.81      2488
          9       0.43      0.21      0.29      2584

avg / total       0.67      0.59      0.59     17056


[[2019    0    0    0    0    0    0    0    0  413]
 [   0  665    0    0    0    0  720  455    0    0]
 [  51    0 1197    0    0  114  322  251  121    0]
 [   0    0  158  373   48    0  107  131   23    0]
 [   0    0    0  228    4    0   56   77    0  131]
 [ 153    0  195   18    0 1166  165    0   56   87]
 [   0    0   91    1    0    0 1483   28    5    0]
 [   0    0   64  157   78    0    2  459   14   98]
 [   0    0    0    0    0    0   96  187 2205    0]
 [  20    0    0  787  509    0    0  194  520  554]]


[[ 0.83  0.    0.    0.    0.    0.    0.    0.    0.    0.17]
 [ 0.    0.36  0.    0.    0.    0.    0.39  0.25  0.    0.  ]
 [ 0.02  0.    0.58  0.    0.    0.06  0.16  0.12  0.06  0.  ]
 [ 0.    0.    0.19  0.44  0.06  0.    0.13  0.16  0.03  0.  ]
 [ 0.    0.    0.    0.46  0.01  0.    0.11  0.16  0.    0.26]
 [ 0.08  0.    0.11  0.01  0.    0.63  0.09  0.    0.03  0.05]
 [ 0.    0.    0.06  0.    0.    0.    0.92  0.02  0.    0.  ]
 [ 0.    0.    0.07  0.18  0.09  0.    0.    0.53  0.02  0.11]
 [ 0.    0.    0.    0.    0.    0.    0.04  0.08  0.89  0.  ]
 [ 0.01  0.    0.    0.3   0.2   0.    0.    0.08  0.2   0.21]]


Model Accuracy: 0.594

Accuracy Per Class: [ 0.76   0.361  0.467  0.184  0.004  0.597  0.482  0.209  0.683  0.167]


