                    precision    recall  f1-score   support

        Basketball       0.47      0.83      0.60      6191
            Biking       0.84      0.78      0.81     10018
            Diving       0.91      0.91      0.91      7537
        Golf_swing       0.60      0.84      0.70      9237
      Horse_riding       0.89      0.87      0.88     14740
   Soccer_juggling       0.64      0.39      0.48     14606
             Swing       0.78      0.86      0.82      7436
      Tennis_swing       0.84      0.58      0.69      8310
Trampoline_jumping       0.77      0.85      0.81      7423
Volleyball_spiking       0.79      0.72      0.75      3954
           Walking       0.67      0.62      0.64      8584

       avg / total       0.75      0.73      0.73     98036


[[ 5130    40   182     8     4    79    11   150   305   197    85]
 [  223  7814    30     9   103   890    84    11   132    23   699]
 [  140   108  6850     0     8     3     2     1   240   179     6]
 [  220     5     0  7787    85   437    69     3   211     0   420]
 [  108   365     9   156 12873   131   107     0    46   170   775]
 [ 1953    78     0  4614   403  5630  1002   376   185    49   316]
 [   16    49     2     2   231   170  6377     0   193    77   319]
 [ 2559    10     0   115     0   768     0  4855     0     3     0]
 [  145    11    41    29    37    45   347   399  6302    14    53]
 [  473    58   364     0    35   156    17     0     0  2844     7]
 [   26   718    39   355   756   546   172     3   564    55  5350]]

[[0.83 0.01 0.03 0.   0.   0.01 0.   0.02 0.05 0.03 0.01]
 [0.02 0.78 0.   0.   0.01 0.09 0.01 0.   0.01 0.   0.07]
 [0.02 0.01 0.91 0.   0.   0.   0.   0.   0.03 0.02 0.  ]
 [0.02 0.   0.   0.84 0.01 0.05 0.01 0.   0.02 0.   0.05]
 [0.01 0.02 0.   0.01 0.87 0.01 0.01 0.   0.   0.01 0.05]
 [0.13 0.01 0.   0.32 0.03 0.39 0.07 0.03 0.01 0.   0.02]
 [0.   0.01 0.   0.   0.03 0.02 0.86 0.   0.03 0.01 0.04]
 [0.31 0.   0.   0.01 0.   0.09 0.   0.58 0.   0.   0.  ]
 [0.02 0.   0.01 0.   0.   0.01 0.05 0.05 0.85 0.   0.01]
 [0.12 0.01 0.09 0.   0.01 0.04 0.   0.   0.   0.72 0.  ]
 [0.   0.08 0.   0.04 0.09 0.06 0.02 0.   0.07 0.01 0.62]]

Accuracy: 0.7325064262107797

Accuracy Per Class: [0.426 0.682 0.835 0.536 0.785 0.316 0.69  0.525 0.678 0.602 0.475]