             precision    recall  f1-score   support

          0       0.91      1.00      0.95      2480
          1       1.00      0.61      0.76      1850
          2       0.68      0.54      0.60      2094
          3       0.27      0.41      0.32       892
          4       0.00      0.00      0.00       530
          5       0.85      0.67      0.75      1872
          6       0.52      1.00      0.69      1634
          7       0.45      0.41      0.43       900
          8       0.65      0.91      0.76      2524
          9       0.75      0.27      0.39      2612

avg / total       0.70      0.65      0.64     17388


[[2480    0    0    0    0    0    0    0    0    0]
 [   0 1130    0    0    0    0  720    0    0    0]
 [   0    0 1124    0    0  230  440    0  300    0]
 [   0    0  254  370   54    0  110   70   34    0]
 [   0    0    0  150    0    0  120   70   50  140]
 [ 244    0  200    0    0 1254    0    0  174    0]
 [   0    0    0    0    0    0 1634    0    0    0]
 [   0    0   70  260  110    0    0  370    0   90]
 [   0    0    0    0    0    0  100  120 2304    0]
 [   0    0    0  610  430    0    0  190  688  694]]


[[ 1.    0.    0.    0.    0.    0.    0.    0.    0.    0.  ]
 [ 0.    0.61  0.    0.    0.    0.    0.39  0.    0.    0.  ]
 [ 0.    0.    0.54  0.    0.    0.11  0.21  0.    0.14  0.  ]
 [ 0.    0.    0.28  0.41  0.06  0.    0.12  0.08  0.04  0.  ]
 [ 0.    0.    0.    0.28  0.    0.    0.23  0.13  0.09  0.26]
 [ 0.13  0.    0.11  0.    0.    0.67  0.    0.    0.09  0.  ]
 [ 0.    0.    0.    0.    0.    0.    1.    0.    0.    0.  ]
 [ 0.    0.    0.08  0.29  0.12  0.    0.    0.41  0.    0.1 ]
 [ 0.    0.    0.    0.    0.    0.    0.04  0.05  0.91  0.  ]
 [ 0.    0.    0.    0.23  0.16  0.    0.    0.07  0.26  0.27]]


Model Accuracy: 0.653

Accuracy Per Class: [ 0.91   0.611  0.429  0.194  0.     0.597  0.523  0.274  0.611  0.244]


