             precision    recall  f1-score   support

          0       0.88      0.90      0.89      2480
          1       1.00      0.45      0.63      1850
          2       0.58      0.56      0.57      2094
          3       0.23      0.38      0.29       892
          4       0.00      0.00      0.00       530
          5       0.83      0.57      0.68      1872
          6       0.46      0.83      0.59      1634
          7       0.25      0.39      0.31       900
          8       0.67      0.85      0.75      2524
          9       0.56      0.24      0.34      2612

avg / total       0.64      0.58      0.58     17388


[[2222    0    1   59    0    0    0    7    0  191]
 [   0  841  118    0    0    0  720  171    0    0]
 [  63    0 1183    1    0  172  340  194  141    0]
 [   0    0  196  337   44    9  156  108   36    6]
 [   1    0    0  205    0    0   73   75   37  139]
 [ 192    0  309   81    1 1071   87    6  125    0]
 [   0    0  128    6    0   29 1353   18   68   32]
 [   0    0   96  155   64    3   41  351   73  117]
 [   0    0    0   19    4    0  144  191 2156   10]
 [  60    0    0  572  471    0    7  267  597  638]]


[[ 0.9   0.    0.    0.02  0.    0.    0.    0.    0.    0.08]
 [ 0.    0.45  0.06  0.    0.    0.    0.39  0.09  0.    0.  ]
 [ 0.03  0.    0.56  0.    0.    0.08  0.16  0.09  0.07  0.  ]
 [ 0.    0.    0.22  0.38  0.05  0.01  0.17  0.12  0.04  0.01]
 [ 0.    0.    0.    0.39  0.    0.    0.14  0.14  0.07  0.26]
 [ 0.1   0.    0.17  0.04  0.    0.57  0.05  0.    0.07  0.  ]
 [ 0.    0.    0.08  0.    0.    0.02  0.83  0.01  0.04  0.02]
 [ 0.    0.    0.11  0.17  0.07  0.    0.05  0.39  0.08  0.13]
 [ 0.    0.    0.    0.01  0.    0.    0.06  0.08  0.85  0.  ]
 [ 0.02  0.    0.    0.22  0.18  0.    0.    0.1   0.23  0.24]]


Model Accuracy: 0.584

Accuracy Per Class: [ 0.795  0.455  0.402  0.169  0.     0.514  0.423  0.181  0.599  0.205]


