             precision    recall  f1-score   support

          0       0.88      0.90      0.89      2480
          1       1.00      0.45      0.62      1850
          2       0.58      0.57      0.57      2094
          3       0.23      0.38      0.29       892
          4       0.00      0.00      0.00       530
          5       0.84      0.58      0.68      1872
          6       0.46      0.83      0.59      1634
          7       0.25      0.39      0.31       900
          8       0.67      0.85      0.75      2524
          9       0.56      0.24      0.34      2612

avg / total       0.64      0.58      0.58     17388


[[2221    0    0   59    0    0    0    8    0  192]
 [   0  840  118    0    0    0  720  172    0    0]
 [  55    0 1184    1    0  171  341  197  145    0]
 [   0    0  198  337   43    9  154  108   36    7]
 [   1    0    0  206    0    0   74   73   37  139]
 [ 192    0  302   81    1 1077   89    7  123    0]
 [   0    0  127    6    0   29 1353   19   68   32]
 [   0    0   96  153   63    3   44  351   73  117]
 [   0    0    0   18    3    0  144  190 2158   11]
 [  60    0    0  577  464    0    8  264  604  635]]


[[ 0.9   0.    0.    0.02  0.    0.    0.    0.    0.    0.08]
 [ 0.    0.45  0.06  0.    0.    0.    0.39  0.09  0.    0.  ]
 [ 0.03  0.    0.57  0.    0.    0.08  0.16  0.09  0.07  0.  ]
 [ 0.    0.    0.22  0.38  0.05  0.01  0.17  0.12  0.04  0.01]
 [ 0.    0.    0.    0.39  0.    0.    0.14  0.14  0.07  0.26]
 [ 0.1   0.    0.16  0.04  0.    0.58  0.05  0.    0.07  0.  ]
 [ 0.    0.    0.08  0.    0.    0.02  0.83  0.01  0.04  0.02]
 [ 0.    0.    0.11  0.17  0.07  0.    0.05  0.39  0.08  0.13]
 [ 0.    0.    0.    0.01  0.    0.    0.06  0.08  0.85  0.  ]
 [ 0.02  0.    0.    0.22  0.18  0.    0.    0.1   0.23  0.24]]


Model Accuracy: 0.584

Accuracy Per Class: [ 0.797  0.454  0.403  0.169  0.     0.517  0.422  0.181  0.598  0.204]


