             precision    recall  f1-score   support

          0       0.77      1.00      0.87      2448
          1       1.00      0.31      0.48      1836
          2       0.70      0.60      0.64      2052
          3       0.35      0.62      0.44       846
          4       0.00      0.00      0.00       495
          5       0.65      0.67      0.66      1818
          6       0.43      0.66      0.52      1602
          7       0.28      0.51      0.36       855
          8       0.80      0.72      0.76      2484
          9       0.43      0.28      0.34      2556

avg / total       0.63      0.59      0.58     16992


[[2448    0    0    0    0    0    0    0    0    0]
 [   0  576    0    0    0    0  711  549    0    0]
 [ 297    0 1233    0    0  198  324    0    0    0]
 [  27    0  234  522    0    0   63    0    0    0]
 [  27    0    0   45    0  117   27    0    0  279]
 [ 243    0  126   63    0 1224    0   54  108    0]
 [   0    0    0   72    0  333 1062    0  135    0]
 [   0    0   63  135    0    0    0  432    0  225]
 [   0    0  117    0    0    0  144    0 1782  441]
 [ 117    0    0  666  234    0  117  522  189  711]]


[[ 1.    0.    0.    0.    0.    0.    0.    0.    0.    0.  ]
 [ 0.    0.31  0.    0.    0.    0.    0.39  0.3   0.    0.  ]
 [ 0.14  0.    0.6   0.    0.    0.1   0.16  0.    0.    0.  ]
 [ 0.03  0.    0.28  0.62  0.    0.    0.07  0.    0.    0.  ]
 [ 0.05  0.    0.    0.09  0.    0.24  0.05  0.    0.    0.56]
 [ 0.13  0.    0.07  0.03  0.    0.67  0.    0.03  0.06  0.  ]
 [ 0.    0.    0.    0.04  0.    0.21  0.66  0.    0.08  0.  ]
 [ 0.    0.    0.07  0.16  0.    0.    0.    0.51  0.    0.26]
 [ 0.    0.    0.05  0.    0.    0.    0.06  0.    0.72  0.18]
 [ 0.05  0.    0.    0.26  0.09  0.    0.05  0.2   0.07  0.28]]


Model Accuracy: 0.588

Accuracy Per Class: [ 0.775  0.314  0.476  0.286  0.     0.496  0.355  0.218  0.611  0.203]


