             precision    recall  f1-score   support

          0       0.81      1.00      0.89      2448
          1       1.00      0.31      0.48      1836
          2       0.67      0.60      0.63      2052
          3       0.30      0.48      0.37       846
          4       0.00      0.00      0.00       495
          5       0.63      0.64      0.64      1818
          6       0.41      0.63      0.50      1602
          7       0.24      0.46      0.31       855
          8       0.82      0.72      0.77      2484
          9       0.39      0.27      0.32      2556

avg / total       0.62      0.57      0.57     16992


[[2448    0    0    0    0    0    0    0    0    0]
 [   0  576    0    0    0    0  711  549    0    0]
 [ 167    0 1232   15    0  171  287   28   17  135]
 [  27    0  232  405    0    5  108   14    0   55]
 [  27    0    0   42    0  117   50    0   43  216]
 [ 243    0  143   50    0 1166   12   54  108   42]
 [   8    0   61   42    0  334 1013    9   66   69]
 [   0    0   63  128    0   56    2  397    1  208]
 [   0    0  114    5    0    0  188   37 1781  359]
 [ 106    0    0  656  221    0  117  601  154  701]]


[[ 1.    0.    0.    0.    0.    0.    0.    0.    0.    0.  ]
 [ 0.    0.31  0.    0.    0.    0.    0.39  0.3   0.    0.  ]
 [ 0.08  0.    0.6   0.01  0.    0.08  0.14  0.01  0.01  0.07]
 [ 0.03  0.    0.27  0.48  0.    0.01  0.13  0.02  0.    0.07]
 [ 0.05  0.    0.    0.08  0.    0.24  0.1   0.    0.09  0.44]
 [ 0.13  0.    0.08  0.03  0.    0.64  0.01  0.03  0.06  0.02]
 [ 0.    0.    0.04  0.03  0.    0.21  0.63  0.01  0.04  0.04]
 [ 0.    0.    0.07  0.15  0.    0.07  0.    0.46  0.    0.24]
 [ 0.    0.    0.05  0.    0.    0.    0.08  0.01  0.72  0.14]
 [ 0.04  0.    0.    0.26  0.09  0.    0.05  0.24  0.06  0.27]]


Model Accuracy: 0.572

Accuracy Per Class: [ 0.809  0.314  0.462  0.227  0.     0.466  0.329  0.185  0.62   0.193]


