             precision    recall  f1-score   support

          0       0.86      1.00      0.92      2448
          1       1.00      0.31      0.48      1836
          2       0.70      0.60      0.64      2052
          3       0.40      0.49      0.44       846
          4       0.00      0.00      0.00       495
          5       0.61      0.67      0.64      1818
          6       0.41      0.66      0.50      1602
          7       0.20      0.37      0.26       855
          8       0.69      0.72      0.70      2484
          9       0.51      0.35      0.42      2556

avg / total       0.63      0.59      0.58     16992


[[2448    0    0    0    0    0    0    0    0    0]
 [   0  576    0    0    0    0  711  549    0    0]
 [   0    0 1233    0    0   90  432    0  297    0]
 [  27    0  234  414    0  108   63    0    0    0]
 [  27    0    0    0    0  117   81    0   90  180]
 [ 243    0  126   63    0 1224    0   54  108    0]
 [   0    0    0   72    0  333 1062    0  135    0]
 [   0    0   63    0    0  135    0  315    0  342]
 [   0    0  117    0    0    0  144   99 1782  342]
 [ 117    0    0  477  234    0  117  522  189  900]]


[[ 1.    0.    0.    0.    0.    0.    0.    0.    0.    0.  ]
 [ 0.    0.31  0.    0.    0.    0.    0.39  0.3   0.    0.  ]
 [ 0.    0.    0.6   0.    0.    0.04  0.21  0.    0.14  0.  ]
 [ 0.03  0.    0.28  0.49  0.    0.13  0.07  0.    0.    0.  ]
 [ 0.05  0.    0.    0.    0.    0.24  0.16  0.    0.18  0.36]
 [ 0.13  0.    0.07  0.03  0.    0.67  0.    0.03  0.06  0.  ]
 [ 0.    0.    0.    0.04  0.    0.21  0.66  0.    0.08  0.  ]
 [ 0.    0.    0.07  0.    0.    0.16  0.    0.37  0.    0.4 ]
 [ 0.    0.    0.05  0.    0.    0.    0.06  0.04  0.72  0.14]
 [ 0.05  0.    0.    0.19  0.09  0.    0.05  0.2   0.07  0.35]]


Model Accuracy: 0.586

Accuracy Per Class: [ 0.855  0.314  0.476  0.284  0.     0.471  0.337  0.152  0.54   0.263]


