             precision    recall  f1-score   support

          0       0.86      1.00      0.93      2448
          1       1.00      0.31      0.48      1836
          2       0.69      0.60      0.64      2052
          3       0.39      0.49      0.44       846
          4       0.00      0.00      0.00       495
          5       0.60      0.67      0.63      1818
          6       0.41      0.65      0.50      1602
          7       0.20      0.40      0.27       855
          8       0.74      0.72      0.73      2484
          9       0.46      0.33      0.38      2556

avg / total       0.63      0.58      0.58     16992


[[2448    0    0    0    0    0    0    0    0    0]
 [   0  576    0    0    0    0  711  549    0    0]
 [   0    0 1233    7    0  145  346    7  163  151]
 [  24    0  214  418    0   86   84   20    0    0]
 [  27    0    0   12    0  117   58    0   78  203]
 [ 243    0  151   34    0 1220    4   54  108    4]
 [   2    0   41   41    0  333 1035   21   67   62]
 [   0    0   63   56    0  135    2  344    0  255]
 [   0    0   74    1    0    0  151  134 1794  330]
 [  99    0    0  492  230    0  117  570  200  848]]


[[ 1.    0.    0.    0.    0.    0.    0.    0.    0.    0.  ]
 [ 0.    0.31  0.    0.    0.    0.    0.39  0.3   0.    0.  ]
 [ 0.    0.    0.6   0.    0.    0.07  0.17  0.    0.08  0.07]
 [ 0.03  0.    0.25  0.49  0.    0.1   0.1   0.02  0.    0.  ]
 [ 0.05  0.    0.    0.02  0.    0.24  0.12  0.    0.16  0.41]
 [ 0.13  0.    0.08  0.02  0.    0.67  0.    0.03  0.06  0.  ]
 [ 0.    0.    0.03  0.03  0.    0.21  0.65  0.01  0.04  0.04]
 [ 0.    0.    0.07  0.07  0.    0.16  0.    0.4   0.    0.3 ]
 [ 0.    0.    0.03  0.    0.    0.    0.06  0.05  0.72  0.13]
 [ 0.04  0.    0.    0.19  0.09  0.    0.05  0.22  0.08  0.33]]


Model Accuracy: 0.584

Accuracy Per Class: [ 0.861  0.314  0.475  0.281  0.     0.463  0.337  0.156  0.579  0.238]


