                precision    recall  f1-score   support

           Car       0.80      0.90      0.85      2448
         Drink       0.90      0.31      0.47      1836
          Feed       0.69      0.59      0.64      2052
     Look left       0.34      0.51      0.41       846
    Look right       0.00      0.00      0.00       495
           Pet       0.77      0.67      0.71      1818
Play with ball       0.56      0.92      0.70      1602
         Shake       0.16      0.38      0.23       855
         Sniff       0.74      0.84      0.79      2484
          Walk       0.42      0.15      0.23      2556

   avg / total       0.63      0.58      0.57     16992


[[2210    0   42    0    0    0    1    0    0  195]
 [   0  576    0    0    0    0  711  549    0    0]
 [  27    0 1219    0    0   90  329  387    0    0]
 [  34    0  126  434   54  108    0   90    0    0]
 [   0    0  135  144    0    0   27   63    0  126]
 [ 243   63  135    0    0 1215    0    1   54  107]
 [   0    0    0    0    0    0 1478  104   20    0]
 [ 116    0  105  114    0    0    0  322   84  114]
 [   0    0    0    0    0    5   99  301 2079    0]
 [ 127    0    0  594  528  168    0  189  554  396]]

[[ 0.9   0.    0.02  0.    0.    0.    0.    0.    0.    0.08]
 [ 0.    0.31  0.    0.    0.    0.    0.39  0.3   0.    0.  ]
 [ 0.01  0.    0.59  0.    0.    0.04  0.16  0.19  0.    0.  ]
 [ 0.04  0.    0.15  0.51  0.06  0.13  0.    0.11  0.    0.  ]
 [ 0.    0.    0.27  0.29  0.    0.    0.05  0.13  0.    0.25]
 [ 0.13  0.03  0.07  0.    0.    0.67  0.    0.    0.03  0.06]
 [ 0.    0.    0.    0.    0.    0.    0.92  0.06  0.01  0.  ]
 [ 0.14  0.    0.12  0.13  0.    0.    0.    0.38  0.1   0.13]
 [ 0.    0.    0.    0.    0.    0.    0.04  0.12  0.84  0.  ]
 [ 0.05  0.    0.    0.23  0.21  0.07  0.    0.07  0.22  0.15]]

Accuracy: 0.584333804143

Accuracy Per Class: [ 0.738  0.303  0.47   0.256  0.     0.555  0.534  0.127  0.651  0.128]