             precision    recall  f1-score   support

          0       0.91      1.00      0.95      2448
          1       1.00      0.31      0.48      1836
          2       0.74      0.60      0.66      2052
          3       0.30      0.55      0.39       846
          4       0.10      0.18      0.13       495
          5       0.93      0.67      0.78      1818
          6       0.56      1.00      0.72      1602
          7       0.27      0.58      0.37       855
          8       0.74      0.84      0.79      2484
          9       0.71      0.20      0.32      2556

avg / total       0.73      0.63      0.62     16992


[[2448    0    0    0    0    0    0    0    0    0]
 [   0  576    0    0    0    0  711  549    0    0]
 [   0    0 1233    0  297   90  315  117    0    0]
 [   0    0  126  468   54    0    0  198    0    0]
 [   0    0    0  144   90    0   27  108    0  126]
 [ 243    0  126   63    0 1224  108    0   54    0]
 [   0    0    0    0    0    0 1602    0    0    0]
 [   0    0   63  135   72    0    0  495    0   90]
 [   0    0  117    0    0    0   99  189 2079    0]
 [   0    0    0  747  423    0    0  189  675  522]]


[[ 1.    0.    0.    0.    0.    0.    0.    0.    0.    0.  ]
 [ 0.    0.31  0.    0.    0.    0.    0.39  0.3   0.    0.  ]
 [ 0.    0.    0.6   0.    0.14  0.04  0.15  0.06  0.    0.  ]
 [ 0.    0.    0.15  0.55  0.06  0.    0.    0.23  0.    0.  ]
 [ 0.    0.    0.    0.29  0.18  0.    0.05  0.22  0.    0.25]
 [ 0.13  0.    0.07  0.03  0.    0.67  0.06  0.    0.03  0.  ]
 [ 0.    0.    0.    0.    0.    0.    1.    0.    0.    0.  ]
 [ 0.    0.    0.07  0.16  0.08  0.    0.    0.58  0.    0.11]
 [ 0.    0.    0.05  0.    0.    0.    0.04  0.08  0.84  0.  ]
 [ 0.    0.    0.    0.29  0.17  0.    0.    0.07  0.26  0.2 ]]


Model Accuracy: 0.632

Accuracy Per Class: [ 0.91   0.314  0.496  0.242  0.067  0.642  0.56   0.224  0.647  0.188]


