             precision    recall  f1-score   support

          0       0.89      0.97      0.93      2448
          1       1.00      0.42      0.60      1836
          2       0.65      0.59      0.62      2052
          3       0.26      0.48      0.34       846
          4       0.08      0.14      0.10       495
          5       0.93      0.64      0.76      1818
          6       0.51      0.89      0.65      1602
          7       0.33      0.58      0.42       855
          8       0.73      0.87      0.79      2484
          9       0.66      0.21      0.32      2556

avg / total       0.70      0.62      0.62     16992


[[2382    0    0    0    0    0    0    0    0   66]
 [   0  780    0    0    0    0  711  345    0    0]
 [  28    0 1211    0  273   92  369   79    0    0]
 [   0    0  184  406   54    0   40  162    0    0]
 [   0    0    0  170   68    0   39   92    0  126]
 [ 243    0  186   32    0 1159   98    0  100    0]
 [   0    0  151    0    0    0 1419   19   13    0]
 [   0    0   63  161   41    0    2  493   23   72]
 [   0    0   59   41   33    0  105   85 2152    9]
 [  36    0    0  732  393    0    0  213  650  532]]


[[ 0.97  0.    0.    0.    0.    0.    0.    0.    0.    0.03]
 [ 0.    0.42  0.    0.    0.    0.    0.39  0.19  0.    0.  ]
 [ 0.01  0.    0.59  0.    0.13  0.04  0.18  0.04  0.    0.  ]
 [ 0.    0.    0.22  0.48  0.06  0.    0.05  0.19  0.    0.  ]
 [ 0.    0.    0.    0.34  0.14  0.    0.08  0.19  0.    0.25]
 [ 0.13  0.    0.1   0.02  0.    0.64  0.05  0.    0.06  0.  ]
 [ 0.    0.    0.09  0.    0.    0.    0.89  0.01  0.01  0.  ]
 [ 0.    0.    0.07  0.19  0.05  0.    0.    0.58  0.03  0.08]
 [ 0.    0.    0.02  0.02  0.01  0.    0.04  0.03  0.87  0.  ]
 [ 0.01  0.    0.    0.29  0.15  0.    0.    0.08  0.25  0.21]]


Model Accuracy: 0.624

Accuracy Per Class: [ 0.865  0.425  0.449  0.205  0.053  0.607  0.478  0.266  0.658  0.188]


