             precision    recall  f1-score   support

          0       0.91      1.00      0.95      2448
          1       1.00      0.31      0.48      1836
          2       0.77      0.60      0.67      2052
          3       0.34      0.55      0.42       846
          4       0.00      0.00      0.00       495
          5       0.93      0.62      0.75      1818
          6       0.52      1.00      0.69      1602
          7       0.21      0.54      0.30       855
          8       0.74      0.84      0.79      2484
          9       0.76      0.26      0.39      2556

avg / total       0.73      0.63      0.62     16992


[[2448    0    0    0    0    0    0    0    0    0]
 [   0  576    0    0    0    0  711  549    0    0]
 [   0    0 1233    0    0   90  315  414    0    0]
 [   0    0  126  468   54    0  108   90    0    0]
 [   0    0    0  189    0    0   27  153    0  126]
 [ 243    0  189    0    0 1134  198    0   54    0]
 [   0    0    0    0    0    0 1602    0    0    0]
 [   0    0   63  135  108    0    0  459    0   90]
 [   0    0    0    0    0    0   99  306 2079    0]
 [   0    0    0  594  423    0    0  189  675  675]]


[[ 1.    0.    0.    0.    0.    0.    0.    0.    0.    0.  ]
 [ 0.    0.31  0.    0.    0.    0.    0.39  0.3   0.    0.  ]
 [ 0.    0.    0.6   0.    0.    0.04  0.15  0.2   0.    0.  ]
 [ 0.    0.    0.15  0.55  0.06  0.    0.13  0.11  0.    0.  ]
 [ 0.    0.    0.    0.38  0.    0.    0.05  0.31  0.    0.25]
 [ 0.13  0.    0.1   0.    0.    0.62  0.11  0.    0.03  0.  ]
 [ 0.    0.    0.    0.    0.    0.    1.    0.    0.    0.  ]
 [ 0.    0.    0.07  0.16  0.13  0.    0.    0.54  0.    0.11]
 [ 0.    0.    0.    0.    0.    0.    0.04  0.12  0.84  0.  ]
 [ 0.    0.    0.    0.23  0.17  0.    0.    0.07  0.26  0.26]]


Model Accuracy: 0.628

Accuracy Per Class: [ 0.91   0.314  0.507  0.265  0.     0.594  0.524  0.18   0.647  0.244]


