                precision    recall  f1-score   support

           Car       0.76      1.00      0.86      2448
         Drink       0.92      0.39      0.55      1836
          Feed       0.71      0.60      0.65      2052
     Look left       0.25      0.43      0.31       846
    Look right       0.00      0.00      0.00       495
           Pet       0.74      0.66      0.70      1818
Play with ball       0.55      0.89      0.68      1602
         Shake       0.29      0.43      0.35       855
         Sniff       0.68      0.84      0.75      2484
          Walk       0.72      0.15      0.26      2556

   avg / total       0.66      0.60      0.58     16992


[[2436    0    0    0    0    0    1    0    0   11]
 [   0  714    6    0    0    0  711  405    0    0]
 [ 117    0 1226    0  297   90  322    0    0    0]
 [ 135    0  126  360   54  119    0   52    0    0]
 [   0    0  102  144    0    0   27   96    0  126]
 [ 243   63  126    0    0 1201    0  131   54    0]
 [   0    0    0    0    0    0 1418   14  170    0]
 [ 139    0  136  112    0    0    0  368   84   16]
 [   0    0    1  117    0  188   99    0 2079    0]
 [ 126    0    0  728  423   20    0  189  674  396]]

[[ 1.    0.    0.    0.    0.    0.    0.    0.    0.    0.  ]
 [ 0.    0.39  0.    0.    0.    0.    0.39  0.22  0.    0.  ]
 [ 0.06  0.    0.6   0.    0.14  0.04  0.16  0.    0.    0.  ]
 [ 0.16  0.    0.15  0.43  0.06  0.14  0.    0.06  0.    0.  ]
 [ 0.    0.    0.21  0.29  0.    0.    0.05  0.19  0.    0.25]
 [ 0.13  0.03  0.07  0.    0.    0.66  0.    0.07  0.03  0.  ]
 [ 0.    0.    0.    0.    0.    0.    0.89  0.01  0.11  0.  ]
 [ 0.16  0.    0.16  0.13  0.    0.    0.    0.43  0.1   0.02]
 [ 0.    0.    0.    0.05  0.    0.08  0.04  0.    0.84  0.  ]
 [ 0.05  0.    0.    0.28  0.17  0.01  0.    0.07  0.26  0.15]]

Accuracy: 0.600164783427

Accuracy Per Class: [ 0.759  0.376  0.481  0.185  0.     0.537  0.513  0.211  0.6    0.146]