                precision    recall  f1-score   support

           Car       0.88      0.89      0.88      2448
         Drink       1.00      0.31      0.48      1836
          Feed       0.70      0.58      0.63      2052
     Look left       0.29      0.51      0.37       846
    Look right       0.00      0.00      0.00       495
           Pet       0.90      0.63      0.75      1818
Play with ball       0.51      0.90      0.65      1602
         Shake       0.21      0.54      0.31       855
         Sniff       0.76      0.85      0.80      2484
          Walk       0.56      0.24      0.33      2556

   avg / total       0.68      0.60      0.60     16992


[[2169    0    0    0    0    0    0    0    0  279]
 [   0  578    0    0    0    0  711  547    0    0]
 [  57    0 1185    0    2  121  340  315   32    0]
 [   0    0  164  429   54    0   58  141    0    0]
 [   0    0    0  192    0    0   38  139    0  126]
 [ 242    0  174   19    0 1152  123   46   61    1]
 [   0    0  112    1    0    0 1439   31   19    0]
 [   0    0   63  172   61    0    2  461   21   75]
 [   0    0    0    0    1    0   99  264 2120    0]
 [   1    0    0  683  487    0    0  223  552  610]]

[[ 0.89  0.    0.    0.    0.    0.    0.    0.    0.    0.11]
 [ 0.    0.31  0.    0.    0.    0.    0.39  0.3   0.    0.  ]
 [ 0.03  0.    0.58  0.    0.    0.06  0.17  0.15  0.02  0.  ]
 [ 0.    0.    0.19  0.51  0.06  0.    0.07  0.17  0.    0.  ]
 [ 0.    0.    0.    0.39  0.    0.    0.08  0.28  0.    0.25]
 [ 0.13  0.    0.1   0.01  0.    0.63  0.07  0.03  0.03  0.  ]
 [ 0.    0.    0.07  0.    0.    0.    0.9   0.02  0.01  0.  ]
 [ 0.    0.    0.07  0.2   0.07  0.    0.    0.54  0.02  0.09]
 [ 0.    0.    0.    0.    0.    0.    0.04  0.11  0.85  0.  ]
 [ 0.    0.    0.    0.27  0.19  0.    0.    0.09  0.22  0.24]]

Accuracy: 0.596927966102

Accuracy Per Class: [ 0.789  0.315  0.462  0.224  0.     0.594  0.484  0.18   0.669  0.201]