                    precision    recall  f1-score   support

        Basketball       0.42      0.73      0.53      6154
            Biking       0.88      0.79      0.84      9968
            Diving       0.97      0.98      0.98      7512
        Golf_swing       0.65      0.73      0.69      9206
      Horse_riding       0.87      0.96      0.91     14668
   Soccer_juggling       0.68      0.41      0.51     14548
             Swing       0.86      0.86      0.86      7394
      Tennis_swing       0.92      0.74      0.82      8276
Trampoline_jumping       0.89      0.93      0.91      7382
Volleyball_spiking       0.83      0.81      0.82      3934
           Walking       0.61      0.68      0.64      8542

       avg / total       0.78      0.77      0.76     97584


[[ 4503    36    79   178     4   221     0   386   234   211   302]
 [  223  7914    71   138     0   646   229    29   147     1   570]
 [   14    25  7385     0     0     0     0    23     4    60     1]
 [  334     1     0  6694     3  1113     0    65     0   144   852]
 [    2   218     4    54 14055     0    10     0     7    15   303]
 [ 2918    26     0  2991   574  5913   452    45    61    67  1501]
 [    0    18     0     0   118   249  6343     0   355   145   166]
 [ 1553     0     0   153     0   433     0  6123     0    14     0]
 [  305     3     3     1     0    21    88    13  6854     1    93]
 [  724     0     0     0    21     1     4     0     0  3184     0]
 [  131   709    41    90  1343    94   250     0    62     8  5814]]

[[0.73 0.01 0.01 0.03 0.   0.04 0.   0.06 0.04 0.03 0.05]
 [0.02 0.79 0.01 0.01 0.   0.06 0.02 0.   0.01 0.   0.06]
 [0.   0.   0.98 0.   0.   0.   0.   0.   0.   0.01 0.  ]
 [0.04 0.   0.   0.73 0.   0.12 0.   0.01 0.   0.02 0.09]
 [0.   0.01 0.   0.   0.96 0.   0.   0.   0.   0.   0.02]
 [0.2  0.   0.   0.21 0.04 0.41 0.03 0.   0.   0.   0.1 ]
 [0.   0.   0.   0.   0.02 0.03 0.86 0.   0.05 0.02 0.02]
 [0.19 0.   0.   0.02 0.   0.05 0.   0.74 0.   0.   0.  ]
 [0.04 0.   0.   0.   0.   0.   0.01 0.   0.93 0.   0.01]
 [0.18 0.   0.   0.   0.01 0.   0.   0.   0.   0.81 0.  ]
 [0.02 0.08 0.   0.01 0.16 0.01 0.03 0.   0.01 0.   0.68]]

Accuracy: 0.7663346450237744

Accuracy Per Class: [0.364 0.719 0.958 0.523 0.84  0.341 0.753 0.693 0.831 0.692 0.472]