                    precision    recall  f1-score   support

        Basketball       0.43      0.72      0.54      6154
            Biking       0.88      0.79      0.84      9968
            Diving       0.97      0.99      0.98      7512
        Golf_swing       0.64      0.73      0.68      9206
      Horse_riding       0.87      0.96      0.91     14668
   Soccer_juggling       0.68      0.41      0.51     14548
             Swing       0.86      0.86      0.86      7394
      Tennis_swing       0.91      0.74      0.81      8276
Trampoline_jumping       0.89      0.93      0.91      7382
Volleyball_spiking       0.83      0.81      0.82      3934
           Walking       0.61      0.68      0.64      8542

       avg / total       0.78      0.77      0.77     97584


[[ 4421    38    83   247     3   224     0   398   228   204   308]
 [  201  7917    81   148     1   667   223    53   126     0   551]
 [   15    17  7406     0     0     0     0    22     2    49     1]
 [  271     1     0  6733     3  1120     0    47     0   144   887]
 [    1   213     3    52 14055     0    10     0     9    20   305]
 [ 2713    28     0  3055   585  6031   458    65    83    59  1471]
 [    1    19     0     0   125   266  6378     0   307   130   168]
 [ 1555     0     0   158     0   456     0  6093     0    14     0]
 [  264     3     3     2     0    19   101    16  6879     1    94]
 [  739     0     1     0    21     0     5     0     0  3168     0]
 [  122   744    20    84  1351    97   245     0    59    11  5809]]

[[0.72 0.01 0.01 0.04 0.   0.04 0.   0.06 0.04 0.03 0.05]
 [0.02 0.79 0.01 0.01 0.   0.07 0.02 0.01 0.01 0.   0.06]
 [0.   0.   0.99 0.   0.   0.   0.   0.   0.   0.01 0.  ]
 [0.03 0.   0.   0.73 0.   0.12 0.   0.01 0.   0.02 0.1 ]
 [0.   0.01 0.   0.   0.96 0.   0.   0.   0.   0.   0.02]
 [0.19 0.   0.   0.21 0.04 0.41 0.03 0.   0.01 0.   0.1 ]
 [0.   0.   0.   0.   0.02 0.04 0.86 0.   0.04 0.02 0.02]
 [0.19 0.   0.   0.02 0.   0.06 0.   0.74 0.   0.   0.  ]
 [0.04 0.   0.   0.   0.   0.   0.01 0.   0.93 0.   0.01]
 [0.19 0.   0.   0.   0.01 0.   0.   0.   0.   0.81 0.  ]
 [0.01 0.09 0.   0.01 0.16 0.01 0.03 0.   0.01 0.   0.68]]

Accuracy: 0.7674413838334153

Accuracy Per Class: [0.367 0.718 0.961 0.52  0.839 0.347 0.756 0.686 0.839 0.694 0.471]