             precision    recall  f1-score   support

          0       0.85      1.00      0.92      2432
          1       1.00      0.31      0.48      1840
          2       0.67      0.61      0.64      2056
          3       0.47      0.60      0.53       840
          4       0.00      0.00      0.00       496
          5       0.65      0.67      0.66      1840
          6       0.42      0.66      0.51      1608
          7       0.21      0.38      0.27       872
          8       0.65      0.72      0.68      2488
          9       0.45      0.29      0.35      2584

avg / total       0.62      0.58      0.57     17056


[[2432    0    0    0    0    0    0    0    0    0]
 [   0  576    0    0    0    0  720  544    0    0]
 [   0    0 1248    0    0   88  424    0  296    0]
 [  32    0  240  504    0    0   64    0    0    0]
 [  24    0    0    0    0  120   24    0   88  240]
 [ 240    0  192    0    0 1240    0   56  112    0]
 [   0    0    0   80    0  336 1064    0  128    0]
 [   0    0   64    0    0  136    0  328    0  344]
 [   0    0  120    0    0    0  144   96 1784  344]
 [ 120    0    0  488  240    0  120  528  336  752]]


[[ 1.    0.    0.    0.    0.    0.    0.    0.    0.    0.  ]
 [ 0.    0.31  0.    0.    0.    0.    0.39  0.3   0.    0.  ]
 [ 0.    0.    0.61  0.    0.    0.04  0.21  0.    0.14  0.  ]
 [ 0.04  0.    0.29  0.6   0.    0.    0.08  0.    0.    0.  ]
 [ 0.05  0.    0.    0.    0.    0.24  0.05  0.    0.18  0.48]
 [ 0.13  0.    0.1   0.    0.    0.67  0.    0.03  0.06  0.  ]
 [ 0.    0.    0.    0.05  0.    0.21  0.66  0.    0.08  0.  ]
 [ 0.    0.    0.07  0.    0.    0.16  0.    0.38  0.    0.39]
 [ 0.    0.    0.05  0.    0.    0.    0.06  0.04  0.72  0.14]
 [ 0.05  0.    0.    0.19  0.09  0.    0.05  0.2   0.13  0.29]]


Model Accuracy: 0.582

Accuracy Per Class: [ 0.854  0.313  0.467  0.358  0.     0.492  0.343  0.156  0.517  0.214]


