             precision    recall  f1-score   support

          0       0.84      1.00      0.91      2432
          1       1.00      0.31      0.48      1840
          2       0.68      0.61      0.64      2056
          3       0.37      0.47      0.41       840
          4       0.00      0.00      0.00       496
          5       0.63      0.67      0.65      1840
          6       0.41      0.64      0.50      1608
          7       0.22      0.42      0.29       872
          8       0.74      0.72      0.73      2488
          9       0.42      0.32      0.37      2584

avg / total       0.62      0.58      0.57     17056


[[2432    0    0    0    0    0    0    0    0    0]
 [   0  576    0    0    0    0  720  544    0    0]
 [   1    0 1248   20    0  140  303   15  166  163]
 [  45    0  221  392    0   35   76   19    0   52]
 [  24    0   41    1    0   79   44    1   68  238]
 [ 240    0  158   30    0 1236    1   51  112   12]
 [   3    0   21   49    0  336 1022   22   79   76]
 [   0    0   64   59    0  128    1  366    1  253]
 [   0    0   74    0    0    0  178  111 1787  338]
 [ 140    0    0  517  240    0  120  518  217  832]]


[[ 1.    0.    0.    0.    0.    0.    0.    0.    0.    0.  ]
 [ 0.    0.31  0.    0.    0.    0.    0.39  0.3   0.    0.  ]
 [ 0.    0.    0.61  0.01  0.    0.07  0.15  0.01  0.08  0.08]
 [ 0.05  0.    0.26  0.47  0.    0.04  0.09  0.02  0.    0.06]
 [ 0.05  0.    0.08  0.    0.    0.16  0.09  0.    0.14  0.48]
 [ 0.13  0.    0.09  0.02  0.    0.67  0.    0.03  0.06  0.01]
 [ 0.    0.    0.01  0.03  0.    0.21  0.64  0.01  0.05  0.05]
 [ 0.    0.    0.07  0.07  0.    0.15  0.    0.42  0.    0.29]
 [ 0.    0.    0.03  0.    0.    0.    0.07  0.04  0.72  0.14]
 [ 0.05  0.    0.    0.2   0.09  0.    0.05  0.2   0.08  0.32]]


Model Accuracy: 0.58

Accuracy Per Class: [ 0.843  0.313  0.474  0.259  0.     0.483  0.335  0.17   0.571  0.224]


