             precision    recall  f1-score   support

          0       0.83      1.00      0.91      2432
          1       1.00      0.31      0.48      1840
          2       0.68      0.61      0.64      2056
          3       0.26      0.41      0.32       840
          4       0.00      0.00      0.00       496
          5       0.62      0.64      0.63      1840
          6       0.41      0.62      0.50      1608
          7       0.26      0.49      0.34       872
          8       0.79      0.70      0.74      2488
          9       0.38      0.29      0.33      2584

avg / total       0.61      0.57      0.56     17056


[[2432    0    0    0    0    0    0    0    0    0]
 [   0  576    0    0    0    0  720  544    0    0]
 [ 111    0 1248   28    0  167  268   27   46  161]
 [  21    0  240  341    1   11   83   11    0  132]
 [  24    0    3   39    0  117   30    1   53  229]
 [ 240    0  136   81    0 1173    8   56  112   34]
 [   9    0   42   46    0  337 1004   10   80   80]
 [   0    0   67   89    0   92    0  424    0  200]
 [   0    0  109    8    0    0  192   44 1752  383]
 [ 101    0    0  655  240    0  120  537  175  756]]


[[ 1.    0.    0.    0.    0.    0.    0.    0.    0.    0.  ]
 [ 0.    0.31  0.    0.    0.    0.    0.39  0.3   0.    0.  ]
 [ 0.05  0.    0.61  0.01  0.    0.08  0.13  0.01  0.02  0.08]
 [ 0.02  0.    0.29  0.41  0.    0.01  0.1   0.01  0.    0.16]
 [ 0.05  0.    0.01  0.08  0.    0.24  0.06  0.    0.11  0.46]
 [ 0.13  0.    0.07  0.04  0.    0.64  0.    0.03  0.06  0.02]
 [ 0.01  0.    0.03  0.03  0.    0.21  0.62  0.01  0.05  0.05]
 [ 0.    0.    0.08  0.1   0.    0.11  0.    0.49  0.    0.23]
 [ 0.    0.    0.04  0.    0.    0.    0.08  0.02  0.7   0.15]
 [ 0.04  0.    0.    0.25  0.09  0.    0.05  0.21  0.07  0.29]]


Model Accuracy: 0.569

Accuracy Per Class: [ 0.828  0.313  0.47   0.191  0.     0.457  0.331  0.202  0.593  0.199]


