             precision    recall  f1-score   support

          0       0.85      1.00      0.92      2432
          1       1.00      0.31      0.48      1840
          2       0.69      0.61      0.65      2056
          3       0.22      0.35      0.27       840
          4       0.00      0.00      0.00       496
          5       0.60      0.63      0.61      1840
          6       0.43      0.66      0.52      1608
          7       0.23      0.38      0.28       872
          8       0.78      0.72      0.75      2488
          9       0.35      0.28      0.31      2584

avg / total       0.61      0.56      0.56     17056


[[2432    0    0    0    0    0    0    0    0    0]
 [   0  576    0    0    0    0  720  544    0    0]
 [   0    0 1248    0    0  192  320    0    0  296]
 [  32    0  240  296    0    0   64    0    0  208]
 [  24    0    0   48    0  120   24    0   88  192]
 [ 240    0  128  152    0 1152    0   56  112    0]
 [   0    0    0   80    0  336 1064    0  128    0]
 [   0    0   64  120    0  136    0  328    0  224]
 [   0    0  120    0    0    0  144    0 1784  440]
 [ 120    0    0  672  240    0  120  528  184  720]]


[[ 1.    0.    0.    0.    0.    0.    0.    0.    0.    0.  ]
 [ 0.    0.31  0.    0.    0.    0.    0.39  0.3   0.    0.  ]
 [ 0.    0.    0.61  0.    0.    0.09  0.16  0.    0.    0.14]
 [ 0.04  0.    0.29  0.35  0.    0.    0.08  0.    0.    0.25]
 [ 0.05  0.    0.    0.1   0.    0.24  0.05  0.    0.18  0.39]
 [ 0.13  0.    0.07  0.08  0.    0.63  0.    0.03  0.06  0.  ]
 [ 0.    0.    0.    0.05  0.    0.21  0.66  0.    0.08  0.  ]
 [ 0.    0.    0.07  0.14  0.    0.16  0.    0.38  0.    0.26]
 [ 0.    0.    0.05  0.    0.    0.    0.06  0.    0.72  0.18]
 [ 0.05  0.    0.    0.26  0.09  0.    0.05  0.2   0.07  0.28]]


Model Accuracy: 0.563

Accuracy Per Class: [ 0.854  0.313  0.479  0.155  0.     0.439  0.355  0.164  0.595  0.183]


