             precision    recall  f1-score   support

          0       0.86      0.94      0.90      2468
          1       1.00      0.42      0.59      1848
          2       0.61      0.58      0.59      2084
          3       0.23      0.39      0.29       872
          4       0.06      0.08      0.07       516
          5       0.90      0.57      0.70      1860
          6       0.50      0.90      0.65      1624
          7       0.28      0.46      0.35       892
          8       0.70      0.89      0.79      2516
          9       0.59      0.23      0.33      2600

avg / total       0.67      0.60      0.60     17280


[[2310    0    0   18    0    0    0    0    0  140]
 [   0  782   79    0    0    0  720  267    0    0]
 [  90    0 1201    2   81  113  348  185   64    0]
 [   0    0  226  342   52    2   92  129   29    0]
 [   0    0    0  194   39    0   48   86   13  136]
 [ 240    0  295   37    0 1065   92    1  129    1]
 [   0    0   80   18    2    0 1456   22   43    3]
 [   0    0   69  169   64    0   10  412   57  111]
 [   0    0    4   28    3    0  120  112 2236   13]
 [  34    0    0  673  443    0    0  257  601  592]]


[[ 0.94  0.    0.    0.01  0.    0.    0.    0.    0.    0.06]
 [ 0.    0.42  0.04  0.    0.    0.    0.39  0.14  0.    0.  ]
 [ 0.04  0.    0.58  0.    0.04  0.05  0.17  0.09  0.03  0.  ]
 [ 0.    0.    0.26  0.39  0.06  0.    0.11  0.15  0.03  0.  ]
 [ 0.    0.    0.    0.38  0.08  0.    0.09  0.17  0.03  0.26]
 [ 0.13  0.    0.16  0.02  0.    0.57  0.05  0.    0.07  0.  ]
 [ 0.    0.    0.05  0.01  0.    0.    0.9   0.01  0.03  0.  ]
 [ 0.    0.    0.08  0.19  0.07  0.    0.01  0.46  0.06  0.12]
 [ 0.    0.    0.    0.01  0.    0.    0.05  0.04  0.89  0.01]
 [ 0.01  0.    0.    0.26  0.17  0.    0.    0.1   0.23  0.23]]


Model Accuracy: 0.604

Accuracy Per Class: [ 0.816  0.423  0.423  0.17   0.034  0.539  0.477  0.211  0.648  0.197]


