             precision    recall  f1-score   support

          0       0.82      1.00      0.90      2468
          1       1.00      0.31      0.48      1848
          2       0.68      0.60      0.64      2084
          3       0.28      0.42      0.33       872
          4       0.14      0.17      0.15       516
          5       0.93      0.58      0.72      1860
          6       0.56      1.00      0.72      1624
          7       0.30      0.58      0.39       892
          8       0.72      0.91      0.81      2516
          9       0.76      0.27      0.39      2600

avg / total       0.71      0.64      0.62     17280


[[2468    0    0    0    0    0    0    0    0    0]
 [   0  580    0    0    0    0  720  548    0    0]
 [ 300    0 1260    0    0   88  316  120    0    0]
 [   0    0  248  364   52    0    0  176   32    0]
 [   0    0    0  196   88    0   28   68    0  136]
 [ 244    0  268    0    0 1088   88    0  172    0]
 [   0    0    0    0    0    0 1624    0    0    0]
 [   0    0   68  140   80    0    0  516    0   88]
 [   0    0    0    0    0    0  100  120 2296    0]
 [   0    0    0  608  428    0    0  188  684  692]]


[[ 1.    0.    0.    0.    0.    0.    0.    0.    0.    0.  ]
 [ 0.    0.31  0.    0.    0.    0.    0.39  0.3   0.    0.  ]
 [ 0.14  0.    0.6   0.    0.    0.04  0.15  0.06  0.    0.  ]
 [ 0.    0.    0.28  0.42  0.06  0.    0.    0.2   0.04  0.  ]
 [ 0.    0.    0.    0.38  0.17  0.    0.05  0.13  0.    0.26]
 [ 0.13  0.    0.14  0.    0.    0.58  0.05  0.    0.09  0.  ]
 [ 0.    0.    0.    0.    0.    0.    1.    0.    0.    0.  ]
 [ 0.    0.    0.08  0.16  0.09  0.    0.    0.58  0.    0.1 ]
 [ 0.    0.    0.    0.    0.    0.    0.04  0.05  0.91  0.  ]
 [ 0.    0.    0.    0.23  0.16  0.    0.    0.07  0.26  0.27]]


Model Accuracy: 0.635

Accuracy Per Class: [ 0.819  0.314  0.472  0.2    0.082  0.559  0.565  0.244  0.675  0.245]


