             precision    recall  f1-score   support

          0       0.86      0.95      0.90      2468
          1       1.00      0.41      0.58      1848
          2       0.64      0.57      0.60      2084
          3       0.24      0.40      0.30       872
          4       0.00      0.00      0.00       516
          5       0.90      0.57      0.70      1860
          6       0.49      0.92      0.64      1624
          7       0.26      0.48      0.34       892
          8       0.70      0.89      0.78      2516
          9       0.62      0.23      0.34      2600

avg / total       0.67      0.60      0.60     17280


[[2333    0    0   23    0    0    0    0    0  112]
 [   0  759   14    0    0    0  720  355    0    0]
 [  80    0 1184    0    0  118  368  231  103    0]
 [   0    0  206  350   52    3  112  118   31    0]
 [   0    0    0  206    0    0   78   81   13  138]
 [ 243    0  319    9    0 1067  118    1  102    1]
 [   0    0   43   28    0    0 1489   23   37    4]
 [   0    0   70  160   49    0   12  429   57  115]
 [   0    0    1   10    0    0  116  157 2232    0]
 [  55    0    0  662  424    0    0  238  620  601]]


[[ 0.95  0.    0.    0.01  0.    0.    0.    0.    0.    0.05]
 [ 0.    0.41  0.01  0.    0.    0.    0.39  0.19  0.    0.  ]
 [ 0.04  0.    0.57  0.    0.    0.06  0.18  0.11  0.05  0.  ]
 [ 0.    0.    0.24  0.4   0.06  0.    0.13  0.14  0.04  0.  ]
 [ 0.    0.    0.    0.4   0.    0.    0.15  0.16  0.03  0.27]
 [ 0.13  0.    0.17  0.    0.    0.57  0.06  0.    0.05  0.  ]
 [ 0.    0.    0.03  0.02  0.    0.    0.92  0.01  0.02  0.  ]
 [ 0.    0.    0.08  0.18  0.05  0.    0.01  0.48  0.06  0.13]
 [ 0.    0.    0.    0.    0.    0.    0.05  0.06  0.89  0.  ]
 [ 0.02  0.    0.    0.25  0.16  0.    0.    0.09  0.24  0.23]]


Model Accuracy: 0.604

Accuracy Per Class: [ 0.82   0.411  0.433  0.178  0.     0.539  0.473  0.205  0.642  0.202]


