             precision    recall  f1-score   support

          0       0.91      1.00      0.95      2468
          1       1.00      0.31      0.48      1848
          2       0.71      0.60      0.65      2084
          3       0.25      0.42      0.32       872
          4       0.00      0.00      0.00       516
          5       0.93      0.62      0.75      1860
          6       0.51      1.00      0.68      1624
          7       0.26      0.55      0.35       892
          8       0.75      0.91      0.82      2516
          9       0.72      0.22      0.33      2600

avg / total       0.71      0.63      0.61     17280


[[2468    0    0    0    0    0    0    0    0    0]
 [   0  580    0    0    0    0  720  548    0    0]
 [   0    0 1260    0    0   88  316  420    0    0]
 [   0    0  248  364   52    0  108   68   32    0]
 [   0    0    0  196    0    0  116   68    0  136]
 [ 244    0  196    0    0 1160  200    0   60    0]
 [   0    0    0    0    0    0 1624    0    0    0]
 [   0    0   68  140  108    0    0  488    0   88]
 [   0    0    0    0    0    0  100  120 2296    0]
 [   0    0    0  736  428    0    0  188  684  564]]


[[ 1.    0.    0.    0.    0.    0.    0.    0.    0.    0.  ]
 [ 0.    0.31  0.    0.    0.    0.    0.39  0.3   0.    0.  ]
 [ 0.    0.    0.6   0.    0.    0.04  0.15  0.2   0.    0.  ]
 [ 0.    0.    0.28  0.42  0.06  0.    0.12  0.08  0.04  0.  ]
 [ 0.    0.    0.    0.38  0.    0.    0.22  0.13  0.    0.26]
 [ 0.13  0.    0.11  0.    0.    0.62  0.11  0.    0.03  0.  ]
 [ 0.    0.    0.    0.    0.    0.    1.    0.    0.    0.  ]
 [ 0.    0.    0.08  0.16  0.12  0.    0.    0.55  0.    0.1 ]
 [ 0.    0.    0.    0.    0.    0.    0.04  0.05  0.91  0.  ]
 [ 0.    0.    0.    0.28  0.16  0.    0.    0.07  0.26  0.22]]


Model Accuracy: 0.625

Accuracy Per Class: [ 0.91   0.314  0.485  0.187  0.     0.595  0.51   0.212  0.697  0.2  ]


