             precision    recall  f1-score   support

          0       0.75      1.00      0.86      2304
          1       1.00      0.31      0.47      1760
          2       0.70      0.62      0.66      1952
          3       0.34      0.42      0.38       768
          4       0.00      0.00      0.00       320
          5       0.65      0.67      0.66      1664
          6       0.42      0.67      0.52      1568
          7       0.26      0.38      0.31       768
          8       0.66      0.73      0.69      2336
          9       0.50      0.30      0.37      2368

avg / total       0.62      0.59      0.57     15808


[[2304    0    0    0    0    0    0    0    0    0]
 [   0  544    0    0    0    0  672  544    0    0]
 [   0    0 1216    0    0   64  384    0  288    0]
 [  64    0  224  320    0    0  160    0    0    0]
 [   0    0    0   32    0   96   32    0   64   96]
 [ 224    0  128   64    0 1120    0   32   96    0]
 [   0    0    0   64    0  320 1056    0  128    0]
 [   0    0   64    0    0  128    0  288    0  288]
 [   0    0   96    0    0    0  128   96 1696  320]
 [ 480    0    0  448  224    0   96  128  288  704]]


[[ 1.    0.    0.    0.    0.    0.    0.    0.    0.    0.  ]
 [ 0.    0.31  0.    0.    0.    0.    0.38  0.31  0.    0.  ]
 [ 0.    0.    0.62  0.    0.    0.03  0.2   0.    0.15  0.  ]
 [ 0.08  0.    0.29  0.42  0.    0.    0.21  0.    0.    0.  ]
 [ 0.    0.    0.    0.1   0.    0.3   0.1   0.    0.2   0.3 ]
 [ 0.13  0.    0.08  0.04  0.    0.67  0.    0.02  0.06  0.  ]
 [ 0.    0.    0.    0.04  0.    0.2   0.67  0.    0.08  0.  ]
 [ 0.    0.    0.08  0.    0.    0.17  0.    0.38  0.    0.38]
 [ 0.    0.    0.04  0.    0.    0.    0.05  0.04  0.73  0.14]
 [ 0.2   0.    0.    0.19  0.09  0.    0.04  0.05  0.12  0.3 ]]


Model Accuracy: 0.585

Accuracy Per Class: [ 0.75   0.309  0.494  0.233  0.     0.493  0.347  0.184  0.53   0.229]


