             precision    recall  f1-score   support

          0       0.78      1.00      0.87      2304
          1       1.00      0.31      0.47      1760
          2       0.71      0.62      0.66      1952
          3       0.37      0.46      0.41       768
          4       0.00      0.00      0.00       320
          5       0.64      0.67      0.65      1664
          6       0.43      0.67      0.52      1568
          7       0.25      0.42      0.31       768
          8       0.69      0.73      0.71      2336
          9       0.49      0.30      0.37      2368

avg / total       0.63      0.59      0.58     15808


[[2304    0    0    0    0    0    0    0    0    0]
 [   0  544    0    0    0    0  672  544    0    0]
 [   0    0 1216    0    0   96  352    0  193   95]
 [  64    0  193  357    0    0  123   31    0    0]
 [   0    0    0   32    0   96   32    0   64   96]
 [ 224    0  142   50    0 1120    0   32   96    0]
 [   0    0   14   50    0  320 1056    1  127    0]
 [   0    0   64   29    0  128    0  320    0  227]
 [   0    0   81    0    0    0  128  111 1696  320]
 [ 372    0    0  448  224    0   96  236  287  705]]


[[ 1.    0.    0.    0.    0.    0.    0.    0.    0.    0.  ]
 [ 0.    0.31  0.    0.    0.    0.    0.38  0.31  0.    0.  ]
 [ 0.    0.    0.62  0.    0.    0.05  0.18  0.    0.1   0.05]
 [ 0.08  0.    0.25  0.46  0.    0.    0.16  0.04  0.    0.  ]
 [ 0.    0.    0.    0.1   0.    0.3   0.1   0.    0.2   0.3 ]
 [ 0.13  0.    0.09  0.03  0.    0.67  0.    0.02  0.06  0.  ]
 [ 0.    0.    0.01  0.03  0.    0.2   0.67  0.    0.08  0.  ]
 [ 0.    0.    0.08  0.04  0.    0.17  0.    0.42  0.    0.3 ]
 [ 0.    0.    0.03  0.    0.    0.    0.05  0.05  0.73  0.14]
 [ 0.16  0.    0.    0.19  0.09  0.    0.04  0.1   0.12  0.3 ]]


Model Accuracy: 0.589

Accuracy Per Class: [ 0.777  0.309  0.497  0.259  0.     0.486  0.355  0.186  0.547  0.227]


