             precision    recall  f1-score   support

          0       0.78      1.00      0.88      2304
          1       1.00      0.31      0.47      1760
          2       0.69      0.62      0.65      1952
          3       0.30      0.51      0.38       768
          4       0.00      0.00      0.00       320
          5       0.65      0.63      0.64      1664
          6       0.44      0.67      0.54      1568
          7       0.26      0.62      0.37       768
          8       0.84      0.73      0.78      2336
          9       0.55      0.28      0.37      2368

avg / total       0.66      0.59      0.59     15808


[[2304    0    0    0    0    0    0    0    0    0]
 [   0  544    0    0    0    0  672  544    0    0]
 [ 223    0 1216    0    0  160  192   29    0  132]
 [  55    0  224  388    0    0   67   21    0   13]
 [   0    0    0   50    0   96   32    0   40  102]
 [ 224    0  136   64    0 1056    0   32   96   56]
 [   0    0   38   26    0  320 1056    0  123    5]
 [   0    0   64  141    0    0    0  474    0   89]
 [   0    0   96    0    0    0  259  135 1696  150]
 [ 142    0    0  608  224    0   96  562   70  666]]


[[ 1.    0.    0.    0.    0.    0.    0.    0.    0.    0.  ]
 [ 0.    0.31  0.    0.    0.    0.    0.38  0.31  0.    0.  ]
 [ 0.11  0.    0.62  0.    0.    0.08  0.1   0.01  0.    0.07]
 [ 0.07  0.    0.29  0.51  0.    0.    0.09  0.03  0.    0.02]
 [ 0.    0.    0.    0.16  0.    0.3   0.1   0.    0.12  0.32]
 [ 0.13  0.    0.08  0.04  0.    0.63  0.    0.02  0.06  0.03]
 [ 0.    0.    0.02  0.02  0.    0.2   0.67  0.    0.08  0.  ]
 [ 0.    0.    0.08  0.18  0.    0.    0.    0.62  0.    0.12]
 [ 0.    0.    0.04  0.    0.    0.    0.11  0.06  0.73  0.06]
 [ 0.06  0.    0.    0.26  0.09  0.    0.04  0.24  0.03  0.28]]


Model Accuracy: 0.595

Accuracy Per Class: [ 0.782  0.309  0.484  0.234  0.     0.471  0.366  0.227  0.636  0.228]


