             precision    recall  f1-score   support

          0       0.77      1.00      0.87      2304
          1       1.00      0.31      0.47      1760
          2       0.68      0.62      0.65      1952
          3       0.33      0.54      0.41       768
          4       0.00      0.00      0.00       320
          5       0.65      0.63      0.64      1664
          6       0.44      0.67      0.53      1568
          7       0.27      0.67      0.38       768
          8       0.80      0.73      0.76      2336
          9       0.57      0.23      0.33      2368

avg / total       0.65      0.59      0.58     15808


[[2304    0    0    0    0    0    0    0    0    0]
 [   0  544    0    0    0    0  672  544    0    0]
 [ 288    0 1216    0    0  160  192    0    0   96]
 [  64    0  224  416    0    0   64    0    0    0]
 [   0    0    0   32    0   96   32    0   64   96]
 [ 224    0  128   64    0 1056    0   32   96   64]
 [   0    0   64    0    0  320 1056    0  128    0]
 [   0    0   64  128    0    0    0  512    0   64]
 [   0    0   96    0    0    0  288  160 1696   96]
 [  96    0    0  608  224    0   96  672  128  544]]


[[ 1.    0.    0.    0.    0.    0.    0.    0.    0.    0.  ]
 [ 0.    0.31  0.    0.    0.    0.    0.38  0.31  0.    0.  ]
 [ 0.15  0.    0.62  0.    0.    0.08  0.1   0.    0.    0.05]
 [ 0.08  0.    0.29  0.54  0.    0.    0.08  0.    0.    0.  ]
 [ 0.    0.    0.    0.1   0.    0.3   0.1   0.    0.2   0.3 ]
 [ 0.13  0.    0.08  0.04  0.    0.63  0.    0.02  0.06  0.04]
 [ 0.    0.    0.04  0.    0.    0.2   0.67  0.    0.08  0.  ]
 [ 0.    0.    0.08  0.17  0.    0.    0.    0.67  0.    0.08]
 [ 0.    0.    0.04  0.    0.    0.    0.12  0.07  0.73  0.04]
 [ 0.04  0.    0.    0.26  0.09  0.    0.04  0.28  0.05  0.23]]


Model Accuracy: 0.591

Accuracy Per Class: [ 0.774  0.309  0.481  0.26   0.     0.471  0.363  0.235  0.616  0.195]


