             precision    recall  f1-score   support

          0       0.85      1.00      0.92      2448
          1       1.00      0.31      0.48      1842
          2       0.69      0.60      0.64      2064
          3       0.35      0.60      0.44       864
          4       0.00      0.00      0.00       522
          5       0.64      0.67      0.66      1848
          6       0.42      0.66      0.51      1620
          7       0.23      0.37      0.28       882
          8       0.78      0.72      0.75      2502
          9       0.38      0.28      0.32      2574

avg / total       0.62      0.58      0.57     17166


[[2448    0    0    0    0    0    0    0    0    0]
 [   0  576    0    0    0    0  720  546    0    0]
 [   0    0 1242    0    0   90  432    0    0  300]
 [  30    0  246  522    0    0   66    0    0    0]
 [  30    0    0   48    0  120   30    0   90  204]
 [ 240    0  126   66    0 1242    0   60  114    0]
 [   0    0    0   78    0  336 1074    0  132    0]
 [   0    0   66  120    0  138    0  330    0  228]
 [   0    0  120    0    0    0  144    0 1800  438]
 [ 120    0    0  672  240    0  120  528  186  708]]


[[ 1.    0.    0.    0.    0.    0.    0.    0.    0.    0.  ]
 [ 0.    0.31  0.    0.    0.    0.    0.39  0.3   0.    0.  ]
 [ 0.    0.    0.6   0.    0.    0.04  0.21  0.    0.    0.15]
 [ 0.03  0.    0.28  0.6   0.    0.    0.08  0.    0.    0.  ]
 [ 0.06  0.    0.    0.09  0.    0.23  0.06  0.    0.17  0.39]
 [ 0.13  0.    0.07  0.04  0.    0.67  0.    0.03  0.06  0.  ]
 [ 0.    0.    0.    0.05  0.    0.21  0.66  0.    0.08  0.  ]
 [ 0.    0.    0.07  0.14  0.    0.16  0.    0.37  0.    0.26]
 [ 0.    0.    0.05  0.    0.    0.    0.06  0.    0.72  0.18]
 [ 0.05  0.    0.    0.26  0.09  0.    0.05  0.21  0.07  0.28]]


Model Accuracy: 0.579

Accuracy Per Class: [ 0.854  0.313  0.474  0.282  0.     0.491  0.343  0.164  0.595  0.189]


