             precision    recall  f1-score   support

          0       0.83      1.00      0.91      2448
          1       0.95      0.31      0.47      1842
          2       0.69      0.60      0.64      2064
          3       0.36      0.39      0.38       864
          4       0.00      0.00      0.00       522
          5       0.61      0.67      0.64      1848
          6       0.40      0.63      0.49      1620
          7       0.22      0.41      0.29       882
          8       0.75      0.71      0.73      2502
          9       0.43      0.33      0.37      2574

avg / total       0.61      0.57      0.57     17166


[[2448    0    0    0    0    0    0    0    0    0]
 [   0  576    0    0    0    0  720  546    0    0]
 [  47    0 1238    9    0  139  334   23  115  159]
 [  40    0  213  341    2   69  111   33    0   55]
 [  22    0   14   11    0  106   43    0   66  260]
 [ 240    0  148   26    0 1233    8   60  114   19]
 [   0    0   48   26    0  331 1026   30   77   82]
 [   0    0   67   46    0  134   15  366    6  248]
 [   0   31   79    0    0    0  182  108 1785  317]
 [ 150    0    0  495  237    2  142  491  212  845]]


[[ 1.    0.    0.    0.    0.    0.    0.    0.    0.    0.  ]
 [ 0.    0.31  0.    0.    0.    0.    0.39  0.3   0.    0.  ]
 [ 0.02  0.    0.6   0.    0.    0.07  0.16  0.01  0.06  0.08]
 [ 0.05  0.    0.25  0.39  0.    0.08  0.13  0.04  0.    0.06]
 [ 0.04  0.    0.03  0.02  0.    0.2   0.08  0.    0.13  0.5 ]
 [ 0.13  0.    0.08  0.01  0.    0.67  0.    0.03  0.06  0.01]
 [ 0.    0.    0.03  0.02  0.    0.2   0.63  0.02  0.05  0.05]
 [ 0.    0.    0.08  0.05  0.    0.15  0.02  0.41  0.01  0.28]
 [ 0.    0.01  0.03  0.    0.    0.    0.07  0.04  0.71  0.13]
 [ 0.06  0.    0.    0.19  0.09  0.    0.06  0.19  0.08  0.33]]


Model Accuracy: 0.574

Accuracy Per Class: [ 0.831  0.308  0.47   0.231  0.     0.469  0.323  0.168  0.577  0.228]


