             precision    recall  f1-score   support

          0       0.82      1.00      0.90      2448
          1       0.94      0.31      0.47      1842
          2       0.68      0.60      0.64      2064
          3       0.31      0.44      0.37       864
          4       0.00      0.00      0.00       522
          5       0.62      0.64      0.63      1848
          6       0.40      0.64      0.49      1620
          7       0.23      0.43      0.30       882
          8       0.79      0.69      0.74      2502
          9       0.39      0.30      0.34      2574

avg / total       0.61      0.57      0.56     17166


[[2443    0    0    0    0    0    0    0    0    5]
 [   0  576    0    0    0    0  720  546    0    0]
 [ 110    0 1242   17    0  157  286   40   34  178]
 [  22    0  222  384    6   16  125   29    0   60]
 [  24    0    0   42    0  120   41    0   49  246]
 [ 240    0  142   54    0 1177   21   54  114   46]
 [   2    0   51   38    0  343 1031   18   77   60]
 [   0    0   68  104    0   88   12  383    9  218]
 [   0   36   90    2    0    0  209   51 1728  386]
 [ 128    0    0  592  236    0  164  512  181  761]]


[[ 1.    0.    0.    0.    0.    0.    0.    0.    0.    0.  ]
 [ 0.    0.31  0.    0.    0.    0.    0.39  0.3   0.    0.  ]
 [ 0.05  0.    0.6   0.01  0.    0.08  0.14  0.02  0.02  0.09]
 [ 0.03  0.    0.26  0.44  0.01  0.02  0.14  0.03  0.    0.07]
 [ 0.05  0.    0.    0.08  0.    0.23  0.08  0.    0.09  0.47]
 [ 0.13  0.    0.08  0.03  0.    0.64  0.01  0.03  0.06  0.02]
 [ 0.    0.    0.03  0.02  0.    0.21  0.64  0.01  0.05  0.04]
 [ 0.    0.    0.08  0.12  0.    0.1   0.01  0.43  0.01  0.25]
 [ 0.    0.01  0.04  0.    0.    0.    0.08  0.02  0.69  0.15]
 [ 0.05  0.    0.    0.23  0.09  0.    0.06  0.2   0.07  0.3 ]]


Model Accuracy: 0.567

Accuracy Per Class: [ 0.821  0.307  0.471  0.224  0.     0.458  0.322  0.18   0.583  0.202]


