             precision    recall  f1-score   support

          0       0.84      1.00      0.92      2466
          1       0.94      0.31      0.47      1848
          2       0.65      0.58      0.61      2082
          3       0.25      0.29      0.27       882
          4       0.00      0.00      0.00       525
          5       0.62      0.62      0.62      1863
          6       0.37      0.66      0.48      1626
          7       0.21      0.42      0.28       888
          8       0.73      0.72      0.73      2514
          9       0.48      0.32      0.38      2601

avg / total       0.60      0.56      0.56     17295


[[2466    0    0    0    0    0    0    0    0    0]
 [   0  579    0    0    0    0  720  549    0    0]
 [  44    0 1201    6    0  152  325   89  104  161]
 [  33    0  237  252    1   84  184   33    1   57]
 [  15    0   36   49    0   79   51    6   91  198]
 [ 243    0  173   72    0 1152   22   63  114   24]
 [   0    5   45   37    3  293 1068   31   74   70]
 [   0    0   78   65    0  101   62  373   17  192]
 [   0   33   78   16    0    0  271   85 1812  219]
 [ 120    0    1  499  202    0  160  529  256  834]]


[[ 1.    0.    0.    0.    0.    0.    0.    0.    0.    0.  ]
 [ 0.    0.31  0.    0.    0.    0.    0.39  0.3   0.    0.  ]
 [ 0.02  0.    0.58  0.    0.    0.07  0.16  0.04  0.05  0.08]
 [ 0.04  0.    0.27  0.29  0.    0.1   0.21  0.04  0.    0.06]
 [ 0.03  0.    0.07  0.09  0.    0.15  0.1   0.01  0.17  0.38]
 [ 0.13  0.    0.09  0.04  0.    0.62  0.01  0.03  0.06  0.01]
 [ 0.    0.    0.03  0.02  0.    0.18  0.66  0.02  0.05  0.04]
 [ 0.    0.    0.09  0.07  0.    0.11  0.07  0.42  0.02  0.22]
 [ 0.    0.01  0.03  0.01  0.    0.    0.11  0.03  0.72  0.09]
 [ 0.05  0.    0.    0.19  0.08  0.    0.06  0.2   0.1   0.32]]


Model Accuracy: 0.563

Accuracy Per Class: [ 0.844  0.307  0.44   0.155  0.     0.448  0.312  0.164  0.571  0.237]


