             precision    recall  f1-score   support

          0       0.86      1.00      0.93      2466
          1       1.00      0.31      0.48      1848
          2       0.66      0.60      0.63      2082
          3       0.43      0.48      0.45       882
          4       0.00      0.00      0.00       525
          5       0.64      0.67      0.66      1863
          6       0.38      0.66      0.49      1626
          7       0.23      0.38      0.28       888
          8       0.73      0.72      0.72      2514
          9       0.37      0.29      0.33      2601

avg / total       0.61      0.57      0.57     17295


[[2466    0    0    0    0    0    0    0    0    0]
 [   0  579    0    0    0    0  720  549    0    0]
 [   0    0 1257    0    0   90  435    0    0  300]
 [   0    0  252  420    0    0  177    0    0   33]
 [  30    0    0    0    0  120   30    0   90  255]
 [ 243    0  198    0    0 1248    0   60  114    0]
 [   0    0    0   78    0  339 1074    0  135    0]
 [   0    0   69    0    0  138    0  333    0  348]
 [   0    0  120    0    0    0  243    0 1803  348]
 [ 120    0    0  489  240    0  123  531  342  756]]


[[ 1.    0.    0.    0.    0.    0.    0.    0.    0.    0.  ]
 [ 0.    0.31  0.    0.    0.    0.    0.39  0.3   0.    0.  ]
 [ 0.    0.    0.6   0.    0.    0.04  0.21  0.    0.    0.14]
 [ 0.    0.    0.29  0.48  0.    0.    0.2   0.    0.    0.04]
 [ 0.06  0.    0.    0.    0.    0.23  0.06  0.    0.17  0.49]
 [ 0.13  0.    0.11  0.    0.    0.67  0.    0.03  0.06  0.  ]
 [ 0.    0.    0.    0.05  0.    0.21  0.66  0.    0.08  0.  ]
 [ 0.    0.    0.08  0.    0.    0.16  0.    0.38  0.    0.39]
 [ 0.    0.    0.05  0.    0.    0.    0.1   0.    0.72  0.14]
 [ 0.05  0.    0.    0.19  0.09  0.    0.05  0.2   0.13  0.29]]


Model Accuracy: 0.575

Accuracy Per Class: [ 0.863  0.313  0.462  0.29   0.     0.489  0.32   0.164  0.564  0.195]


