             precision    recall  f1-score   support

          0       0.84      1.00      0.91      2466
          1       0.93      0.31      0.47      1848
          2       0.66      0.58      0.61      2082
          3       0.25      0.28      0.26       882
          4       0.00      0.00      0.00       525
          5       0.61      0.62      0.62      1863
          6       0.37      0.64      0.47      1626
          7       0.21      0.41      0.28       888
          8       0.73      0.72      0.73      2514
          9       0.46      0.31      0.37      2601

avg / total       0.60      0.56      0.55     17295


[[2464    0    0    0    0    0    0    0    0    2]
 [   0  579    0    0    0    0  720  549    0    0]
 [  80    0 1201    6    0  145  323   85  100  142]
 [  13    0  231  248    5   86  184   28    3   84]
 [  17    0   32   39    0   83   46    7   86  215]
 [ 243    0  160   69    0 1153   24   69  114   31]
 [   5    6   43   34    2  318 1048   29   69   72]
 [   0    0   79   63    0   98   55  368   19  206]
 [   0   37   76   21    0    0  287   81 1807  205]
 [ 121    0    2  526  206    0  164  513  268  801]]


[[ 1.    0.    0.    0.    0.    0.    0.    0.    0.    0.  ]
 [ 0.    0.31  0.    0.    0.    0.    0.39  0.3   0.    0.  ]
 [ 0.04  0.    0.58  0.    0.    0.07  0.16  0.04  0.05  0.07]
 [ 0.01  0.    0.26  0.28  0.01  0.1   0.21  0.03  0.    0.1 ]
 [ 0.03  0.    0.06  0.07  0.    0.16  0.09  0.01  0.16  0.41]
 [ 0.13  0.    0.09  0.04  0.    0.62  0.01  0.04  0.06  0.02]
 [ 0.    0.    0.03  0.02  0.    0.2   0.64  0.02  0.04  0.04]
 [ 0.    0.    0.09  0.07  0.    0.11  0.06  0.41  0.02  0.23]
 [ 0.    0.01  0.03  0.01  0.    0.    0.11  0.03  0.72  0.08]
 [ 0.05  0.    0.    0.2   0.08  0.    0.06  0.2   0.1   0.31]]


Model Accuracy: 0.559

Accuracy Per Class: [ 0.837  0.306  0.444  0.151  0.     0.445  0.306  0.164  0.569  0.225]


