                    precision    recall  f1-score   support

        Basketball       0.49      0.86      0.63      6154
            Biking       0.90      0.81      0.85      9968
            Diving       0.93      0.96      0.94      7512
        Golf_swing       0.59      0.87      0.70      9206
      Horse_riding       0.93      0.89      0.91     14668
   Soccer_juggling       0.65      0.39      0.49     14548
             Swing       0.77      0.89      0.82      7394
      Tennis_swing       0.92      0.55      0.69      8276
Trampoline_jumping       0.82      0.93      0.87      7382
Volleyball_spiking       0.81      0.75      0.78      3934
           Walking       0.75      0.71      0.73      8542

       avg / total       0.78      0.76      0.76     97584


[[ 5275    24   191     6     0    12     0    99   316   184    47]
 [  132  8053    12     2    27  1142    29     0    74     7   490]
 [   99    37  7230     0     0     0     0     0    88    58     0]
 [  185     0     0  7972    29   390    26     2   234     0   368]
 [  140   267     0   120 13102    44    90     0     2   186   717]
 [ 1599    16     0  4974   312  5713  1406   176   167    64   121]
 [    0    13     1     0    63   152  6600     0   189   105   271]
 [ 2707     0     0   178     0   850     0  4541     0     0     0]
 [   48     0     7     3     1    43   315    99  6848     9     9]
 [  497    14   360     0    16    90     6     0     0  2946     5]
 [    3   558     7   299   525   417   137     0   474    57  6065]]

[[0.86 0.   0.03 0.   0.   0.   0.   0.02 0.05 0.03 0.01]
 [0.01 0.81 0.   0.   0.   0.11 0.   0.   0.01 0.   0.05]
 [0.01 0.   0.96 0.   0.   0.   0.   0.   0.01 0.01 0.  ]
 [0.02 0.   0.   0.87 0.   0.04 0.   0.   0.03 0.   0.04]
 [0.01 0.02 0.   0.01 0.89 0.   0.01 0.   0.   0.01 0.05]
 [0.11 0.   0.   0.34 0.02 0.39 0.1  0.01 0.01 0.   0.01]
 [0.   0.   0.   0.   0.01 0.02 0.89 0.   0.03 0.01 0.04]
 [0.33 0.   0.   0.02 0.   0.1  0.   0.55 0.   0.   0.  ]
 [0.01 0.   0.   0.   0.   0.01 0.04 0.01 0.93 0.   0.  ]
 [0.13 0.   0.09 0.   0.   0.02 0.   0.   0.   0.75 0.  ]
 [0.   0.07 0.   0.04 0.06 0.05 0.02 0.   0.06 0.01 0.71]]

Accuracy: 0.761856451877357

Accuracy Per Class: [0.456 0.739 0.894 0.539 0.838 0.323 0.702 0.525 0.767 0.64  0.574]