                    precision    recall  f1-score   support

        Basketball       0.49      0.86      0.63      6154
            Biking       0.90      0.81      0.85      9968
            Diving       0.92      0.96      0.94      7512
        Golf_swing       0.59      0.87      0.70      9206
      Horse_riding       0.93      0.89      0.91     14668
   Soccer_juggling       0.65      0.39      0.49     14548
             Swing       0.77      0.89      0.83      7394
      Tennis_swing       0.93      0.55      0.69      8276
Trampoline_jumping       0.82      0.93      0.87      7382
Volleyball_spiking       0.81      0.75      0.78      3934
           Walking       0.75      0.71      0.73      8542

       avg / total       0.78      0.76      0.76     97584


[[ 5289    23   190     6     0    12     0    91   306   183    54]
 [  138  8049    13     2    27  1140    30     0    69     7   493]
 [   99    35  7247     0     0     0     0     0    76    55     0]
 [  190     0     0  7968    30   389    27     1   232     0   369]
 [  135   270     0   126 13074    43    88     0     2   195   735]
 [ 1655    17     0  4937   320  5708  1388   177   142    64   140]
 [    0    16     5     0    62   156  6593     0   192   105   265]
 [ 2712     0     0   182     0   814     0  4568     0     0     0]
 [   53     0    18     3     1    44   317    89  6839     8    10]
 [  494    16   359     0    17    91     6     0     0  2946     5]
 [    3   549     8   305   517   420   139     0   446    56  6099]]

[[0.86 0.   0.03 0.   0.   0.   0.   0.01 0.05 0.03 0.01]
 [0.01 0.81 0.   0.   0.   0.11 0.   0.   0.01 0.   0.05]
 [0.01 0.   0.96 0.   0.   0.   0.   0.   0.01 0.01 0.  ]
 [0.02 0.   0.   0.87 0.   0.04 0.   0.   0.03 0.   0.04]
 [0.01 0.02 0.   0.01 0.89 0.   0.01 0.   0.   0.01 0.05]
 [0.11 0.   0.   0.34 0.02 0.39 0.1  0.01 0.01 0.   0.01]
 [0.   0.   0.   0.   0.01 0.02 0.89 0.   0.03 0.01 0.04]
 [0.33 0.   0.   0.02 0.   0.1  0.   0.55 0.   0.   0.  ]
 [0.01 0.   0.   0.   0.   0.01 0.04 0.01 0.93 0.   0.  ]
 [0.13 0.   0.09 0.   0.   0.02 0.   0.   0.   0.75 0.  ]
 [0.   0.06 0.   0.04 0.06 0.05 0.02 0.   0.05 0.01 0.71]]

Accuracy: 0.7622151172323332

Accuracy Per Class: [0.455 0.739 0.894 0.54  0.836 0.323 0.702 0.529 0.773 0.639 0.575]