             precision    recall  f1-score   support

          0       1.00      0.82      0.90      2304
          1       1.00      0.31      0.47      1760
          2       0.60      0.62      0.61      1952
          3       0.28      0.42      0.33       768
          4       0.00      0.00      0.00       320
          5       0.94      0.63      0.76      1664
          6       0.51      0.80      0.62      1568
          7       0.23      0.71      0.35       768
          8       0.87      0.85      0.86      2336
          9       0.31      0.15      0.20      2368

avg / total       0.68      0.58      0.59     15808


[[1888    0    0    0    0    0    0    0    0  416]
 [   0  544    0    0    0    0  672  544    0    0]
 [   0    0 1216    0    0   64  288  384    0    0]
 [   0    0  224  320   32    0   96   96    0    0]
 [   0    0    0  128    0    0    0  128    0   64]
 [   0    0  192    0    0 1056   64   96   32  224]
 [   0    0  320    0    0    0 1248    0    0    0]
 [   0    0   64    0   96    0    0  544    0   64]
 [   0    0    0    0    0    0   96  256 1984    0]
 [   0    0    0  704  768    0    0  288  256  352]]


[[ 0.82  0.    0.    0.    0.    0.    0.    0.    0.    0.18]
 [ 0.    0.31  0.    0.    0.    0.    0.38  0.31  0.    0.  ]
 [ 0.    0.    0.62  0.    0.    0.03  0.15  0.2   0.    0.  ]
 [ 0.    0.    0.29  0.42  0.04  0.    0.12  0.12  0.    0.  ]
 [ 0.    0.    0.    0.4   0.    0.    0.    0.4   0.    0.2 ]
 [ 0.    0.    0.12  0.    0.    0.63  0.04  0.06  0.02  0.13]
 [ 0.    0.    0.2   0.    0.    0.    0.8   0.    0.    0.  ]
 [ 0.    0.    0.08  0.    0.12  0.    0.    0.71  0.    0.08]
 [ 0.    0.    0.    0.    0.    0.    0.04  0.11  0.85  0.  ]
 [ 0.    0.    0.    0.3   0.32  0.    0.    0.12  0.11  0.15]]


Model Accuracy: 0.579

Accuracy Per Class: [ 0.819  0.309  0.442  0.2    0.     0.611  0.448  0.212  0.756  0.112]


