             precision    recall  f1-score   support

          0       0.91      0.99      0.95      2304
          1       1.00      0.31      0.47      1760
          2       0.62      0.62      0.62      1952
          3       0.21      0.42      0.28       768
          4       0.08      0.20      0.12       320
          5       0.94      0.63      0.76      1664
          6       0.53      0.82      0.64      1568
          7       0.30      0.66      0.41       768
          8       0.73      0.85      0.78      2336
          9       0.71      0.15      0.25      2368

avg / total       0.71      0.61      0.60     15808


[[2286    0    0    0    0    0    0    0    0   18]
 [   0  544    0    0    0    0  672  544    0    0]
 [   0    0 1213    0  288   64  288   99    0    0]
 [   0    0  223  321   32    0   32  160    0    0]
 [   0    0    0  128   64    0    0   64    0   64]
 [ 224    0  178   30    0 1056   64    2  110    0]
 [   0    0  276    0    0    0 1292    0    0    0]
 [   0    0   64  131    4    0    0  505    0   64]
 [   0    0    0   96    0    0   96  160 1984    0]
 [   0    0    0  832  390    0    0  160  634  352]]


[[ 0.99  0.    0.    0.    0.    0.    0.    0.    0.    0.01]
 [ 0.    0.31  0.    0.    0.    0.    0.38  0.31  0.    0.  ]
 [ 0.    0.    0.62  0.    0.15  0.03  0.15  0.05  0.    0.  ]
 [ 0.    0.    0.29  0.42  0.04  0.    0.04  0.21  0.    0.  ]
 [ 0.    0.    0.    0.4   0.2   0.    0.    0.2   0.    0.2 ]
 [ 0.13  0.    0.11  0.02  0.    0.63  0.04  0.    0.07  0.  ]
 [ 0.    0.    0.18  0.    0.    0.    0.82  0.    0.    0.  ]
 [ 0.    0.    0.08  0.17  0.01  0.    0.    0.66  0.    0.08]
 [ 0.    0.    0.    0.04  0.    0.    0.04  0.07  0.85  0.  ]
 [ 0.    0.    0.    0.35  0.16  0.    0.    0.07  0.27  0.15]]


Model Accuracy: 0.608

Accuracy Per Class: [ 0.904  0.309  0.45   0.162  0.062  0.611  0.475  0.258  0.644  0.14 ]


