             precision    recall  f1-score   support

          0       0.96      0.78      0.86      2304
          1       1.00      0.31      0.47      1760
          2       0.64      0.62      0.63      1952
          3       0.29      0.41      0.34       768
          4       0.00      0.00      0.00       320
          5       0.94      0.63      0.76      1664
          6       0.54      0.87      0.66      1568
          7       0.23      0.71      0.35       768
          8       0.86      0.85      0.86      2336
          9       0.34      0.17      0.23      2368

avg / total       0.69      0.58      0.60     15808


[[1807    0    0    0    0    0    0    0    0  497]
 [   0  544    0    0    0    0  672  544    0    0]
 [   2    0 1216    0    0   64  288  382    0    0]
 [   0    0  224  313   32    0   60  139    0    0]
 [   0    0    0  128    0    0    0  128    0   64]
 [  83    0  192    0    0 1056   64   96   32  141]
 [   0    0  202    0    0    0 1366    0    0    0]
 [   0    0   64    0   96    0    0  544    0   64]
 [   0    0    0    0    0    0   96  256 1984    0]
 [   0    0    0  653  739    0    0  288  285  403]]


[[ 0.78  0.    0.    0.    0.    0.    0.    0.    0.    0.22]
 [ 0.    0.31  0.    0.    0.    0.    0.38  0.31  0.    0.  ]
 [ 0.    0.    0.62  0.    0.    0.03  0.15  0.2   0.    0.  ]
 [ 0.    0.    0.29  0.41  0.04  0.    0.08  0.18  0.    0.  ]
 [ 0.    0.    0.    0.4   0.    0.    0.    0.4   0.    0.2 ]
 [ 0.05  0.    0.12  0.    0.    0.63  0.04  0.06  0.02  0.08]
 [ 0.    0.    0.13  0.    0.    0.    0.87  0.    0.    0.  ]
 [ 0.    0.    0.08  0.    0.12  0.    0.    0.71  0.    0.08]
 [ 0.    0.    0.    0.    0.    0.    0.04  0.11  0.85  0.  ]
 [ 0.    0.    0.    0.28  0.31  0.    0.    0.12  0.12  0.17]]


Model Accuracy: 0.584

Accuracy Per Class: [ 0.756  0.309  0.462  0.202  0.     0.611  0.497  0.209  0.748  0.129]


