             precision    recall  f1-score   support

          0       0.91      1.00      0.95      2304
          1       1.00      0.31      0.47      1760
          2       0.60      0.62      0.61      1952
          3       0.21      0.42      0.28       768
          4       0.08      0.20      0.12       320
          5       0.94      0.63      0.76      1664
          6       0.53      0.80      0.63      1568
          7       0.30      0.67      0.41       768
          8       0.72      0.85      0.78      2336
          9       0.73      0.15      0.25      2368

avg / total       0.71      0.61      0.60     15808


[[2304    0    0    0    0    0    0    0    0    0]
 [   0  544    0    0    0    0  672  544    0    0]
 [   0    0 1216    0  288   64  288   96    0    0]
 [   0    0  224  320   32    0    0  192    0    0]
 [   0    0    0  128   64    0    0   64    0   64]
 [ 224    0  192    0    0 1056   64    0  128    0]
 [   0    0  320    0    0    0 1248    0    0    0]
 [   0    0   64  128    0    0    0  512    0   64]
 [   0    0    0   96    0    0   96  160 1984    0]
 [   0    0    0  832  384    0    0  160  640  352]]


[[ 1.    0.    0.    0.    0.    0.    0.    0.    0.    0.  ]
 [ 0.    0.31  0.    0.    0.    0.    0.38  0.31  0.    0.  ]
 [ 0.    0.    0.62  0.    0.15  0.03  0.15  0.05  0.    0.  ]
 [ 0.    0.    0.29  0.42  0.04  0.    0.    0.25  0.    0.  ]
 [ 0.    0.    0.    0.4   0.2   0.    0.    0.2   0.    0.2 ]
 [ 0.13  0.    0.12  0.    0.    0.63  0.04  0.    0.08  0.  ]
 [ 0.    0.    0.2   0.    0.    0.    0.8   0.    0.    0.  ]
 [ 0.    0.    0.08  0.17  0.    0.    0.    0.67  0.    0.08]
 [ 0.    0.    0.    0.04  0.    0.    0.04  0.07  0.85  0.  ]
 [ 0.    0.    0.    0.35  0.16  0.    0.    0.07  0.27  0.15]]


Model Accuracy: 0.607

Accuracy Per Class: [ 0.911  0.309  0.442  0.164  0.062  0.611  0.464  0.258  0.639  0.141]


