             precision    recall  f1-score   support

          0       0.82      1.00      0.90      2450
          1       1.00      0.31      0.48      1834
          2       0.67      0.60      0.63      2044
          3       0.28      0.40      0.33       875
          4       0.00      0.00      0.00       511
          5       0.61      0.63      0.62      1841
          6       0.42      0.66      0.51      1610
          7       0.26      0.47      0.33       882
          8       0.79      0.72      0.75      2492
          9       0.38      0.28      0.32      2583

avg / total       0.61      0.57      0.56     17122


[[2450    0    0    0    0    0    0    0    0    0]
 [   0  574    0    0    0    0  714  546    0    0]
 [  76    0 1233   35    0  169  270   29   52  180]
 [  14    0  230  349    4   39  120   26    0   93]
 [  28    0    0   35    0  119   35    1   48  245]
 [ 245    0  153   49    0 1165   25   53  112   39]
 [  11    1   43   34    0  346 1058    3   68   46]
 [   0    0   73  123    0   79   17  416    0  174]
 [   0    0  114    1    0    0  173   12 1784  408]
 [ 156    0    0  628  237    0  122  520  191  729]]


[[ 1.    0.    0.    0.    0.    0.    0.    0.    0.    0.  ]
 [ 0.    0.31  0.    0.    0.    0.    0.39  0.3   0.    0.  ]
 [ 0.04  0.    0.6   0.02  0.    0.08  0.13  0.01  0.03  0.09]
 [ 0.02  0.    0.26  0.4   0.    0.04  0.14  0.03  0.    0.11]
 [ 0.05  0.    0.    0.07  0.    0.23  0.07  0.    0.09  0.48]
 [ 0.13  0.    0.08  0.03  0.    0.63  0.01  0.03  0.06  0.02]
 [ 0.01  0.    0.03  0.02  0.    0.21  0.66  0.    0.04  0.03]
 [ 0.    0.    0.08  0.14  0.    0.09  0.02  0.47  0.    0.2 ]
 [ 0.    0.    0.05  0.    0.    0.    0.07  0.    0.72  0.16]
 [ 0.06  0.    0.    0.24  0.09  0.    0.05  0.2   0.07  0.28]]


Model Accuracy: 0.57

Accuracy Per Class: [ 0.822  0.313  0.464  0.196  0.     0.449  0.343  0.201  0.602  0.193]


