             precision    recall  f1-score   support

          0       0.83      1.00      0.91      2450
          1       1.00      0.31      0.48      1834
          2       0.67      0.61      0.64      2044
          3       0.30      0.34      0.32       875
          4       0.00      0.00      0.00       511
          5       0.60      0.67      0.63      1841
          6       0.41      0.66      0.50      1610
          7       0.22      0.42      0.29       882
          8       0.76      0.73      0.74      2492
          9       0.44      0.32      0.37      2583

avg / total       0.61      0.58      0.57     17122


[[2450    0    0    0    0    0    0    0    0    0]
 [   0  574    0    0    0    0  714  546    0    0]
 [  10    0 1237   13    0  139  331   10  140  164]
 [  57    0  222  295    0  112  107   30    0   52]
 [  28    0   31    4    0   88   48    0   78  234]
 [ 245    0  156   21    0 1231    1   55  112   20]
 [  16    0   27   42    0  338 1058   24   67   38]
 [   0    0   71   73    0  132   23  369    0  214]
 [   0    0   93    0    0    0  179   90 1816  314]
 [ 149    0    0  547  238    0  122  528  175  824]]


[[ 1.    0.    0.    0.    0.    0.    0.    0.    0.    0.  ]
 [ 0.    0.31  0.    0.    0.    0.    0.39  0.3   0.    0.  ]
 [ 0.    0.    0.61  0.01  0.    0.07  0.16  0.    0.07  0.08]
 [ 0.07  0.    0.25  0.34  0.    0.13  0.12  0.03  0.    0.06]
 [ 0.05  0.    0.06  0.01  0.    0.17  0.09  0.    0.15  0.46]
 [ 0.13  0.    0.08  0.01  0.    0.67  0.    0.03  0.06  0.01]
 [ 0.01  0.    0.02  0.03  0.    0.21  0.66  0.01  0.04  0.02]
 [ 0.    0.    0.08  0.08  0.    0.15  0.03  0.42  0.    0.24]
 [ 0.    0.    0.04  0.    0.    0.    0.07  0.04  0.73  0.13]
 [ 0.06  0.    0.    0.21  0.09  0.    0.05  0.2   0.07  0.32]]


Model Accuracy: 0.576

Accuracy Per Class: [ 0.829  0.313  0.468  0.187  0.     0.465  0.337  0.17   0.593  0.228]


