             precision    recall  f1-score   support

          0       0.86      1.00      0.93      2450
          1       1.00      0.31      0.48      1834
          2       0.69      0.61      0.64      2044
          3       0.39      0.63      0.48       875
          4       0.00      0.00      0.00       511
          5       0.59      0.62      0.61      1841
          6       0.43      0.66      0.52      1610
          7       0.28      0.51      0.36       882
          8       0.73      0.72      0.72      2492
          9       0.31      0.22      0.26      2583

avg / total       0.60      0.57      0.56     17122


[[2450    0    0    0    0    0    0    0    0    0]
 [   0  574    0    0    0    0  714  546    0    0]
 [   0    0 1239    0    0  189  322    0    0  294]
 [   0    0  252  553    0    0   70    0    0    0]
 [  28    0    0   49    0  119   28    0   84  203]
 [ 245    0  126   84    0 1148    0   56  112   70]
 [   0    0    0   77    0  336 1064    0  133    0]
 [   0    0   70    0    0  140    0  448    0  224]
 [   0    0  119    0    0    0  140    0 1792  441]
 [ 119    0    0  672  238    0  119  532  343  560]]


[[ 1.    0.    0.    0.    0.    0.    0.    0.    0.    0.  ]
 [ 0.    0.31  0.    0.    0.    0.    0.39  0.3   0.    0.  ]
 [ 0.    0.    0.61  0.    0.    0.09  0.16  0.    0.    0.14]
 [ 0.    0.    0.29  0.63  0.    0.    0.08  0.    0.    0.  ]
 [ 0.05  0.    0.    0.1   0.    0.23  0.05  0.    0.16  0.4 ]
 [ 0.13  0.    0.07  0.05  0.    0.62  0.    0.03  0.06  0.04]
 [ 0.    0.    0.    0.05  0.    0.21  0.66  0.    0.08  0.  ]
 [ 0.    0.    0.08  0.    0.    0.16  0.    0.51  0.    0.25]
 [ 0.    0.    0.05  0.    0.    0.    0.06  0.    0.72  0.18]
 [ 0.05  0.    0.    0.26  0.09  0.    0.05  0.21  0.13  0.22]]


Model Accuracy: 0.574

Accuracy Per Class: [ 0.862  0.313  0.475  0.315  0.     0.437  0.354  0.222  0.566  0.147]


