             precision    recall  f1-score   support

          0       0.84      1.00      0.91      2450
          1       1.00      0.31      0.48      1834
          2       0.66      0.61      0.63      2044
          3       0.41      0.54      0.46       875
          4       0.00      0.00      0.00       511
          5       0.64      0.67      0.66      1841
          6       0.42      0.66      0.51      1610
          7       0.21      0.37      0.27       882
          8       0.73      0.72      0.72      2492
          9       0.40      0.29      0.34      2583

avg / total       0.61      0.58      0.57     17122


[[2450    0    0    0    0    0    0    0    0    0]
 [   0  574    0    0    0    0  714  546    0    0]
 [   0    0 1239    0    0   84  427    0    0  294]
 [  84    0  252  469    0    0   70    0    0    0]
 [  28    0    0    0    0  119   28    0   84  252]
 [ 245    0  196    0    0 1232    0   56  112    0]
 [   0    0    0   77    0  336 1064    0  133    0]
 [   0    0   70  119    0  140    0  329    0  224]
 [   0    0  119    0    0    0  140   98 1792  343]
 [ 119    0    0  483  238    0  119  532  343  749]]


[[ 1.    0.    0.    0.    0.    0.    0.    0.    0.    0.  ]
 [ 0.    0.31  0.    0.    0.    0.    0.39  0.3   0.    0.  ]
 [ 0.    0.    0.61  0.    0.    0.04  0.21  0.    0.    0.14]
 [ 0.1   0.    0.29  0.54  0.    0.    0.08  0.    0.    0.  ]
 [ 0.05  0.    0.    0.    0.    0.23  0.05  0.    0.16  0.49]
 [ 0.13  0.    0.11  0.    0.    0.67  0.    0.03  0.06  0.  ]
 [ 0.    0.    0.    0.05  0.    0.21  0.66  0.    0.08  0.  ]
 [ 0.    0.    0.08  0.13  0.    0.16  0.    0.37  0.    0.25]
 [ 0.    0.    0.05  0.    0.    0.    0.06  0.04  0.72  0.14]
 [ 0.05  0.    0.    0.19  0.09  0.    0.05  0.21  0.13  0.29]]


Model Accuracy: 0.578

Accuracy Per Class: [ 0.837  0.313  0.462  0.302  0.     0.489  0.342  0.156  0.566  0.203]


