             precision    recall  f1-score   support

          0       0.86      1.00      0.93      2048
          1       1.00      0.58      0.73      1664
          2       0.56      0.69      0.62      1664
          3       0.28      0.44      0.35       576
          4       0.00      0.00      0.00       192
          5       0.94      0.65      0.77      1472
          6       0.52      0.67      0.59      1472
          7       0.38      0.64      0.48       704
          8       0.70      0.90      0.78      2112
          9       0.79      0.22      0.35      2112

avg / total       0.72      0.65      0.65     14016


[[2048    0    0    0    0    0    0    0    0    0]
 [   0  959    0    0    0    0  640   65    0    0]
 [ 131    0 1148    0    0   64  128   68  125    0]
 [   0    0  192  256    0    0    0  128    0    0]
 [   0    0    0   64    0    0    0  128    0    0]
 [ 192    0  188    4    0  960   64    0   64    0]
 [   0    0  463    0    0    0  983   26    0    0]
 [   0    0   64  128    0    0    0  448    0   64]
 [   0    0    0    0    0    0   64   85 1899   64]
 [   0    0    0  448  320    0    0  230  640  474]]


[[ 1.    0.    0.    0.    0.    0.    0.    0.    0.    0.  ]
 [ 0.    0.58  0.    0.    0.    0.    0.38  0.04  0.    0.  ]
 [ 0.08  0.    0.69  0.    0.    0.04  0.08  0.04  0.08  0.  ]
 [ 0.    0.    0.33  0.44  0.    0.    0.    0.22  0.    0.  ]
 [ 0.    0.    0.    0.33  0.    0.    0.    0.67  0.    0.  ]
 [ 0.13  0.    0.13  0.    0.    0.65  0.04  0.    0.04  0.  ]
 [ 0.    0.    0.31  0.    0.    0.    0.67  0.02  0.    0.  ]
 [ 0.    0.    0.09  0.18  0.    0.    0.    0.64  0.    0.09]
 [ 0.    0.    0.    0.    0.    0.    0.03  0.04  0.9   0.03]
 [ 0.    0.    0.    0.21  0.15  0.    0.    0.11  0.3   0.22]]


Model Accuracy: 0.655

Accuracy Per Class: [ 0.864  0.576  0.447  0.21   0.     0.625  0.415  0.312  0.646  0.212]


