             precision    recall  f1-score   support

          0       0.91      1.00      0.96      2048
          1       1.00      0.31      0.47      1664
          2       0.67      0.62      0.64      1664
          3       0.33      0.44      0.38       576
          4       0.00      0.00      0.00       192
          5       0.85      0.74      0.79      1472
          6       0.59      0.87      0.70      1472
          7       0.30      0.64      0.41       704
          8       0.66      0.94      0.78      2112
          9       0.90      0.27      0.42      2112

avg / total       0.75      0.66      0.64     14016


[[2048    0    0    0    0    0    0    0    0    0]
 [   0  512    0    0    0    0  640  512    0    0]
 [   0    0 1024    0    0  192  128   64  256    0]
 [   0    0  192  256    0    0    0  128    0    0]
 [   0    0    0   64    0    0    0  128    0    0]
 [ 192    0   64    0    0 1088   64    0   64    0]
 [   0    0  194    0    0    0 1278    0    0    0]
 [   0    0   64    0   64    0    0  448   64   64]
 [   0    0    0    0    0    0   64   64 1984    0]
 [   0    0    0  448  320    0    0  128  640  576]]


[[ 1.    0.    0.    0.    0.    0.    0.    0.    0.    0.  ]
 [ 0.    0.31  0.    0.    0.    0.    0.38  0.31  0.    0.  ]
 [ 0.    0.    0.62  0.    0.    0.12  0.08  0.04  0.15  0.  ]
 [ 0.    0.    0.33  0.44  0.    0.    0.    0.22  0.    0.  ]
 [ 0.    0.    0.    0.33  0.    0.    0.    0.67  0.    0.  ]
 [ 0.13  0.    0.04  0.    0.    0.74  0.04  0.    0.04  0.  ]
 [ 0.    0.    0.13  0.    0.    0.    0.87  0.    0.    0.  ]
 [ 0.    0.    0.09  0.    0.09  0.    0.    0.64  0.09  0.09]
 [ 0.    0.    0.    0.    0.    0.    0.03  0.03  0.94  0.  ]
 [ 0.    0.    0.    0.21  0.15  0.    0.    0.06  0.3   0.27]]


Model Accuracy: 0.657

Accuracy Per Class: [ 0.914  0.308  0.47   0.235  0.     0.654  0.54   0.259  0.633  0.265]


