             precision    recall  f1-score   support

          0       0.88      0.94      0.91      2450
          1       1.00      0.38      0.55      1834
          2       0.60      0.60      0.60      2044
          3       0.23      0.40      0.29       875
          4       0.08      0.12      0.10       511
          5       0.93      0.59      0.72      1841
          6       0.51      0.88      0.65      1610
          7       0.30      0.53      0.38       882
          8       0.73      0.88      0.80      2492
          9       0.58      0.20      0.30      2583

avg / total       0.67      0.60      0.60     17122


[[2303    0    0    0    0    0    0    0    0  147]
 [   0  698    0    0    0    0  714  422    0    0]
 [  59    0 1218    0  232   87  346   96    6    0]
 [   0    0  225  350   49    0   90  127   34    0]
 [   0    0    0  172   63    0   29  104   10  133]
 [ 209    0  296   54    0 1094   72    5   92   19]
 [   0    0  161    7    0    0 1420    3   19    0]
 [   0    0   70  171   60    0    6  464   25   86]
 [   0    0   52   48   19    0   98   72 2203    0]
 [  56    0    0  749  385    0    0  242  628  523]]


[[ 0.94  0.    0.    0.    0.    0.    0.    0.    0.    0.06]
 [ 0.    0.38  0.    0.    0.    0.    0.39  0.23  0.    0.  ]
 [ 0.03  0.    0.6   0.    0.11  0.04  0.17  0.05  0.    0.  ]
 [ 0.    0.    0.26  0.4   0.06  0.    0.1   0.15  0.04  0.  ]
 [ 0.    0.    0.    0.34  0.12  0.    0.06  0.2   0.02  0.26]
 [ 0.11  0.    0.16  0.03  0.    0.59  0.04  0.    0.05  0.01]
 [ 0.    0.    0.1   0.    0.    0.    0.88  0.    0.01  0.  ]
 [ 0.    0.    0.08  0.19  0.07  0.    0.01  0.53  0.03  0.1 ]
 [ 0.    0.    0.02  0.02  0.01  0.    0.04  0.03  0.88  0.  ]
 [ 0.02  0.    0.    0.29  0.15  0.    0.    0.09  0.24  0.2 ]]


Model Accuracy: 0.604

Accuracy Per Class: [ 0.83   0.381  0.428  0.169  0.05   0.567  0.479  0.238  0.666  0.176]


