                precision    recall  f1-score   support

           Car       0.81      1.00      0.89      2450
         Drink       0.89      0.31      0.46      1834
          Feed       0.65      0.61      0.63      2044
     Look left       0.25      0.42      0.31       875
    Look right       0.02      0.02      0.02       511
           Pet       0.84      0.62      0.71      1841
Play with ball       0.57      0.96      0.72      1610
         Shake       0.25      0.44      0.32       882
         Sniff       0.74      0.91      0.82      2492
          Walk       0.63      0.15      0.25      2583

   avg / total       0.66      0.61      0.59     17122


[[2450    0    0    0    0    0    0    0    0    0]
 [   0  574   14    0    0    0  714  532    0    0]
 [   7    0 1239    0  294   84  308  112    0    0]
 [  47    0  205  364   49  127    0   48   35    0]
 [   0    0   89  147   12    0   28  102    0  133]
 [ 240   70  150    0    5 1138    0  182   56    0]
 [   0    0   27    0    0    0 1553   21    9    0]
 [ 119    0  147  126    0    0    0  392    0   98]
 [   0    0   46   74    0    2   98    0 2272    0]
 [ 163    0    0  735  412    0    0  189  685  399]]

[[ 1.    0.    0.    0.    0.    0.    0.    0.    0.    0.  ]
 [ 0.    0.31  0.01  0.    0.    0.    0.39  0.29  0.    0.  ]
 [ 0.    0.    0.61  0.    0.14  0.04  0.15  0.05  0.    0.  ]
 [ 0.05  0.    0.23  0.42  0.06  0.15  0.    0.05  0.04  0.  ]
 [ 0.    0.    0.17  0.29  0.02  0.    0.05  0.2   0.    0.26]
 [ 0.13  0.04  0.08  0.    0.    0.62  0.    0.1   0.03  0.  ]
 [ 0.    0.    0.02  0.    0.    0.    0.96  0.01  0.01  0.  ]
 [ 0.13  0.    0.17  0.14  0.    0.    0.    0.44  0.    0.11]
 [ 0.    0.    0.02  0.03  0.    0.    0.04  0.    0.91  0.  ]
 [ 0.06  0.    0.    0.28  0.16  0.    0.    0.07  0.27  0.15]]

Accuracy: 0.606996846163

Accuracy Per Class: [ 0.81   0.301  0.455  0.186  0.009  0.554  0.563  0.19   0.693  0.142]