             precision    recall  f1-score   support

          0       0.88      0.84      0.86      2450
          1       1.00      0.32      0.49      1834
          2       0.68      0.58      0.63      2044
          3       0.25      0.45      0.32       875
          4       0.00      0.00      0.00       511
          5       0.90      0.63      0.74      1841
          6       0.49      0.89      0.63      1610
          7       0.24      0.50      0.33       882
          8       0.74      0.89      0.80      2492
          9       0.46      0.23      0.31      2583

avg / total       0.66      0.59      0.59     17122


[[2061    0    0    0    0    0    0    0    0  389]
 [   0  595    0    0    0    0  714  525    0    0]
 [  66    0 1189    0    0  131  346  265   47    0]
 [   0    0  172  391   49    0  112  116   35    0]
 [   0    0    0  213    0    0   58   94    8  138]
 [ 172    0  201   29    0 1154  152    4   56   73]
 [   0    0  112   25    0    0 1439    8   26    0]
 [   0    0   74  158   62    0    8  445   33  102]
 [   0    0    0    0    1    0   98  183 2210    0]
 [  38    0    0  726  427    0    0  205  589  598]]


[[ 0.84  0.    0.    0.    0.    0.    0.    0.    0.    0.16]
 [ 0.    0.32  0.    0.    0.    0.    0.39  0.29  0.    0.  ]
 [ 0.03  0.    0.58  0.    0.    0.06  0.17  0.13  0.02  0.  ]
 [ 0.    0.    0.2   0.45  0.06  0.    0.13  0.13  0.04  0.  ]
 [ 0.    0.    0.    0.42  0.    0.    0.11  0.18  0.02  0.27]
 [ 0.09  0.    0.11  0.02  0.    0.63  0.08  0.    0.03  0.04]
 [ 0.    0.    0.07  0.02  0.    0.    0.89  0.    0.02  0.  ]
 [ 0.    0.    0.08  0.18  0.07  0.    0.01  0.5   0.04  0.12]
 [ 0.    0.    0.    0.    0.    0.    0.04  0.07  0.89  0.  ]
 [ 0.01  0.    0.    0.28  0.17  0.    0.    0.08  0.23  0.23]]


Model Accuracy: 0.589

Accuracy Per Class: [ 0.756  0.324  0.457  0.193  0.     0.585  0.464  0.195  0.673  0.182]


