             precision    recall  f1-score   support

          0       0.88      0.75      0.81      2450
          1       1.00      0.31      0.48      1834
          2       0.75      0.61      0.67      2044
          3       0.29      0.54      0.38       875
          4       0.00      0.00      0.00       511
          5       0.93      0.62      0.75      1841
          6       0.53      1.00      0.69      1610
          7       0.26      0.55      0.35       882
          8       0.75      0.91      0.82      2492
          9       0.40      0.21      0.28      2583

avg / total       0.67      0.59      0.59     17122


[[1827    0    0    0    0    0    0    0    0  623]
 [   0  574    0    0    0    0  714  546    0    0]
 [   0    0 1239    0    0   84  308  413    0    0]
 [   0    0  140  476   49    0  105   70   35    0]
 [   0    0    0  280    0    0   28   70    0  133]
 [ 245    0  196    0    0 1148  196    0   56    0]
 [   0    0    0    0    0    0 1610    0    0    0]
 [   0    0   70  140  105    0    0  483    0   84]
 [   0    0    0    0    0    0   98  119 2275    0]
 [   0    0    0  728  427    0    0  189  686  553]]


[[ 0.75  0.    0.    0.    0.    0.    0.    0.    0.    0.25]
 [ 0.    0.31  0.    0.    0.    0.    0.39  0.3   0.    0.  ]
 [ 0.    0.    0.61  0.    0.    0.04  0.15  0.2   0.    0.  ]
 [ 0.    0.    0.16  0.54  0.06  0.    0.12  0.08  0.04  0.  ]
 [ 0.    0.    0.    0.55  0.    0.    0.05  0.14  0.    0.26]
 [ 0.13  0.    0.11  0.    0.    0.62  0.11  0.    0.03  0.  ]
 [ 0.    0.    0.    0.    0.    0.    1.    0.    0.    0.  ]
 [ 0.    0.    0.08  0.16  0.12  0.    0.    0.55  0.    0.1 ]
 [ 0.    0.    0.    0.    0.    0.    0.04  0.05  0.91  0.  ]
 [ 0.    0.    0.    0.28  0.17  0.    0.    0.07  0.27  0.21]]


Model Accuracy: 0.595

Accuracy Per Class: [ 0.678  0.313  0.506  0.235  0.     0.596  0.526  0.211  0.696  0.162]


