                precision    recall  f1-score   support

           Car       0.87      0.83      0.85      2450
         Drink       0.89      0.31      0.46      1834
          Feed       0.68      0.61      0.64      2044
     Look left       0.32      0.49      0.39       875
    Look right       0.00      0.00      0.00       511
           Pet       0.84      0.66      0.74      1841
Play with ball       0.55      0.98      0.71      1610
         Shake       0.20      0.39      0.26       882
         Sniff       0.74      0.91      0.82      2492
          Walk       0.41      0.21      0.28      2583

   avg / total       0.64      0.60      0.59     17122


[[2026    0    7    0    0    0    1    0    0  416]
 [   0  574    0    0    0    0  714  546    0    0]
 [  24    0 1238    0    0   84  306  382   10    0]
 [  41    0  143  432   49  105    0   70   35    0]
 [   0    0  156  119    0    0   33   70    0  133]
 [ 212   70  138    0    9 1220  112    0   56   24]
 [   0    0    0    0    0    0 1570   32    8    0]
 [   0    0  147   83   95    0    0  344    0  213]
 [   0    0    1    0    0    2   98  119 2272    0]
 [  13    0    0  715  413   33    0  189  682  538]]

[[ 0.83  0.    0.    0.    0.    0.    0.    0.    0.    0.17]
 [ 0.    0.31  0.    0.    0.    0.    0.39  0.3   0.    0.  ]
 [ 0.01  0.    0.61  0.    0.    0.04  0.15  0.19  0.    0.  ]
 [ 0.05  0.    0.16  0.49  0.06  0.12  0.    0.08  0.04  0.  ]
 [ 0.    0.    0.31  0.23  0.    0.    0.06  0.14  0.    0.26]
 [ 0.12  0.04  0.07  0.    0.    0.66  0.06  0.    0.03  0.01]
 [ 0.    0.    0.    0.    0.    0.    0.98  0.02  0.    0.  ]
 [ 0.    0.    0.17  0.09  0.11  0.    0.    0.39  0.    0.24]
 [ 0.    0.    0.    0.    0.    0.    0.04  0.05  0.91  0.  ]
 [ 0.01  0.    0.    0.28  0.16  0.01  0.    0.07  0.26  0.21]]

Accuracy: 0.596542459993

Accuracy Per Class: [ 0.739  0.301  0.47   0.241  0.     0.591  0.546  0.15   0.692  0.16 ]