             precision    recall  f1-score   support

          0       0.91      1.00      0.95      2450
          1       1.00      0.31      0.48      1834
          2       0.65      0.61      0.63      2044
          3       0.23      0.42      0.29       875
          4       0.09      0.16      0.12       511
          5       0.94      0.67      0.78      1841
          6       0.58      1.00      0.74      1610
          7       0.31      0.58      0.40       882
          8       0.75      0.91      0.82      2492
          9       0.65      0.15      0.25      2583

avg / total       0.71      0.63      0.61     17122


[[2450    0    0    0    0    0    0    0    0    0]
 [   0  574    0    0    0    0  714  546    0    0]
 [   0    0 1239    0  294   84  308  119    0    0]
 [   0    0  252  364   49    0    0  175   35    0]
 [   0    0    0  147   84    0   28  119    0  133]
 [ 245    0  238   70    0 1232    0    0   56    0]
 [   0    0    0    0    0    0 1610    0    0    0]
 [   0    0   70  140   77    0    0  511    0   84]
 [   0    0  119    0    0    0   98    0 2275    0]
 [   0    0    0  882  427    0    0  189  686  399]]


[[ 1.    0.    0.    0.    0.    0.    0.    0.    0.    0.  ]
 [ 0.    0.31  0.    0.    0.    0.    0.39  0.3   0.    0.  ]
 [ 0.    0.    0.61  0.    0.14  0.04  0.15  0.06  0.    0.  ]
 [ 0.    0.    0.29  0.42  0.06  0.    0.    0.2   0.04  0.  ]
 [ 0.    0.    0.    0.29  0.16  0.    0.05  0.23  0.    0.26]
 [ 0.13  0.    0.13  0.04  0.    0.67  0.    0.    0.03  0.  ]
 [ 0.    0.    0.    0.    0.    0.    1.    0.    0.    0.  ]
 [ 0.    0.    0.08  0.16  0.09  0.    0.    0.58  0.    0.1 ]
 [ 0.    0.    0.05  0.    0.    0.    0.04  0.    0.91  0.  ]
 [ 0.    0.    0.    0.34  0.17  0.    0.    0.07  0.27  0.15]]


Model Accuracy: 0.627

Accuracy Per Class: [ 0.909  0.313  0.455  0.172  0.062  0.64   0.584  0.252  0.696  0.142]


