                    precision    recall  f1-score   support

        Basketball       0.46      0.91      0.61      5344
            Biking       0.93      0.82      0.87      9152
            Diving       0.92      0.96      0.94      6752
        Golf_swing       0.60      0.86      0.71      8352
      Horse_riding       0.96      0.93      0.94     13792
   Soccer_juggling       0.68      0.41      0.51     13568
             Swing       0.83      0.92      0.87      6560
      Tennis_swing       0.90      0.52      0.66      7424
Trampoline_jumping       0.81      0.87      0.84      6816
Volleyball_spiking       0.78      0.79      0.79      3392
           Walking       0.76      0.74      0.75      8192

       avg / total       0.80      0.77      0.77     89344


[[ 4861     0   207     0     0     0     0   115    33   128     0]
 [  171  7517     0     0     1  1138     0     0     8     0   317]
 [  128     0  6467     0     0     0     0     0   128    29     0]
 [  128     0     0  7184     0   246     0     0   224     0   570]
 [    0   306     0     0 12868     0     0     0     0   394   224]
 [ 2269     0     0  4639     8  5503   467   243     0     0   439]
 [    0     0     0     0     0     0  6039     0   183    10   328]
 [ 2577     0     0    93     0   901     0  3853     0     0     0]
 [   18     0     0     0     0     0   766    78  5952     0     2]
 [  353     0   352     0     0     0     0     0     0  2687     0]
 [    0   257     0    21   585   307     0     0   802   192  6028]]

[[0.91 0.   0.04 0.   0.   0.   0.   0.02 0.01 0.02 0.  ]
 [0.02 0.82 0.   0.   0.   0.12 0.   0.   0.   0.   0.03]
 [0.02 0.   0.96 0.   0.   0.   0.   0.   0.02 0.   0.  ]
 [0.02 0.   0.   0.86 0.   0.03 0.   0.   0.03 0.   0.07]
 [0.   0.02 0.   0.   0.93 0.   0.   0.   0.   0.03 0.02]
 [0.17 0.   0.   0.34 0.   0.41 0.03 0.02 0.   0.   0.03]
 [0.   0.   0.   0.   0.   0.   0.92 0.   0.03 0.   0.05]
 [0.35 0.   0.   0.01 0.   0.12 0.   0.52 0.   0.   0.  ]
 [0.   0.   0.   0.   0.   0.   0.11 0.01 0.87 0.   0.  ]
 [0.1  0.   0.1  0.   0.   0.   0.   0.   0.   0.79 0.  ]
 [0.   0.03 0.   0.   0.07 0.04 0.   0.   0.1  0.02 0.74]]

Accuracy: 0.7718369448424068

Accuracy Per Class: [0.442 0.774 0.885 0.548 0.894 0.341 0.775 0.49  0.726 0.648 0.598]