                    precision    recall  f1-score   support

        Basketball       0.49      0.89      0.63      5344
            Biking       0.89      0.76      0.82      9152
            Diving       0.88      0.97      0.92      6752
        Golf_swing       0.60      0.85      0.70      8352
      Horse_riding       0.96      0.89      0.92     13792
   Soccer_juggling       0.66      0.41      0.50     13568
             Swing       0.89      0.89      0.89      6560
      Tennis_swing       0.90      0.49      0.63      7424
Trampoline_jumping       0.92      0.87      0.90      6816
Volleyball_spiking       0.57      0.72      0.63      3392
           Walking       0.69      0.82      0.75      8192

       avg / total       0.78      0.76      0.75     89344


[[ 4735     0   287     0     0    98     0    96     0   128     0]
 [  580  6993     0     0     0  1079     0     0     0     0   500]
 [  128    84  6540     0     0     0     0     0     0     0     0]
 [  128     0     0  7104     0   192     0     0   224     0   704]
 [    0   132     0     0 12315     0     0     0     0   400   945]
 [ 1049     0     0  4548     0  5508   448   224     0  1219   572]
 [    0     0     0     0     0     0  5856     0   236   128   340]
 [ 2592     0     0   192     0   992     0  3648     0     0     0]
 [    0     0   193     0     0   299   277    99  5948     0     0]
 [  508     0   448     0     0     0     0     0     0  2436     0]
 [    0   668     0     0   544   226     0     0    64     0  6690]]

[[0.89 0.   0.05 0.   0.   0.02 0.   0.02 0.   0.02 0.  ]
 [0.06 0.76 0.   0.   0.   0.12 0.   0.   0.   0.   0.05]
 [0.02 0.01 0.97 0.   0.   0.   0.   0.   0.   0.   0.  ]
 [0.02 0.   0.   0.85 0.   0.02 0.   0.   0.03 0.   0.08]
 [0.   0.01 0.   0.   0.89 0.   0.   0.   0.   0.03 0.07]
 [0.08 0.   0.   0.34 0.   0.41 0.03 0.02 0.   0.09 0.04]
 [0.   0.   0.   0.   0.   0.   0.89 0.   0.04 0.02 0.05]
 [0.35 0.   0.   0.03 0.   0.13 0.   0.49 0.   0.   0.  ]
 [0.   0.   0.03 0.   0.   0.04 0.04 0.01 0.87 0.   0.  ]
 [0.15 0.   0.13 0.   0.   0.   0.   0.   0.   0.72 0.  ]
 [0.   0.08 0.   0.   0.07 0.03 0.   0.   0.01 0.   0.82]]

Accuracy: 0.7585624104584527

Accuracy Per Class: [0.458 0.697 0.852 0.543 0.859 0.335 0.804 0.465 0.81  0.463 0.595]