             precision    recall  f1-score   support

          0       0.85      1.00      0.92      2468
          1       1.00      0.31      0.48      1848
          2       0.69      0.60      0.64      2084
          3       0.38      0.60      0.46       872
          4       0.00      0.00      0.00       516
          5       0.64      0.67      0.66      1860
          6       0.41      0.66      0.51      1624
          7       0.29      0.51      0.37       892
          8       0.65      0.72      0.68      2516
          9       0.39      0.22      0.28      2600

avg / total       0.61      0.58      0.56     17280


[[2468    0    0    0    0    0    0    0    0    0]
 [   0  580    0    0    0    0  720  548    0    0]
 [   0    0 1260    0    0   88  436    0  300    0]
 [  32    0  248  524    0    0   68    0    0    0]
 [  28    0    0   48    0  120   28    0   88  204]
 [ 244    0  128   68    0 1248    0   60  112    0]
 [   0    0    0   80    0  340 1072    0  132    0]
 [   0    0   68    0    0  140    0  456    0  228]
 [   0    0  120    0    0    0  144    0 1804  448]
 [ 120    0    0  676  240    0  124  532  340  568]]


[[ 1.    0.    0.    0.    0.    0.    0.    0.    0.    0.  ]
 [ 0.    0.31  0.    0.    0.    0.    0.39  0.3   0.    0.  ]
 [ 0.    0.    0.6   0.    0.    0.04  0.21  0.    0.14  0.  ]
 [ 0.04  0.    0.28  0.6   0.    0.    0.08  0.    0.    0.  ]
 [ 0.05  0.    0.    0.09  0.    0.23  0.05  0.    0.17  0.4 ]
 [ 0.13  0.    0.07  0.04  0.    0.67  0.    0.03  0.06  0.  ]
 [ 0.    0.    0.    0.05  0.    0.21  0.66  0.    0.08  0.  ]
 [ 0.    0.    0.08  0.    0.    0.16  0.    0.51  0.    0.26]
 [ 0.    0.    0.05  0.    0.    0.    0.06  0.    0.72  0.18]
 [ 0.05  0.    0.    0.26  0.09  0.    0.05  0.2   0.13  0.22]]


Model Accuracy: 0.578

Accuracy Per Class: [ 0.853  0.314  0.476  0.3    0.     0.49   0.341  0.224  0.517  0.163]


