             precision    recall  f1-score   support

          0       0.85      1.00      0.92      2468
          1       0.96      0.31      0.47      1848
          2       0.68      0.60      0.64      2084
          3       0.32      0.38      0.35       872
          4       0.00      0.00      0.00       516
          5       0.61      0.64      0.62      1860
          6       0.38      0.64      0.48      1624
          7       0.22      0.43      0.29       892
          8       0.74      0.71      0.72      2516
          9       0.49      0.33      0.39      2600

avg / total       0.61      0.57      0.57     17280


[[2468    0    0    0    0    0    0    0    0    0]
 [   0  580    0    0    0    0  720  548    0    0]
 [  75    0 1254    5    0  140  340   43  123  104]
 [  14    0  230  331    0   81  137   21    0   58]
 [  17    0   26   19    0   93   54    7   92  208]
 [ 244    0  161   58    0 1185   28   45  112   27]
 [   6    7   28   49    0  334 1046   28   69   57]
 [   0    0   72   79    2  125   25  381   10  198]
 [   0   16   83    4    0    0  268   97 1790  258]
 [  96    0    0  492  232    0  124  565  228  863]]


[[ 1.    0.    0.    0.    0.    0.    0.    0.    0.    0.  ]
 [ 0.    0.31  0.    0.    0.    0.    0.39  0.3   0.    0.  ]
 [ 0.04  0.    0.6   0.    0.    0.07  0.16  0.02  0.06  0.05]
 [ 0.02  0.    0.26  0.38  0.    0.09  0.16  0.02  0.    0.07]
 [ 0.03  0.    0.05  0.04  0.    0.18  0.1   0.01  0.18  0.4 ]
 [ 0.13  0.    0.09  0.03  0.    0.64  0.02  0.02  0.06  0.01]
 [ 0.    0.    0.02  0.03  0.    0.21  0.64  0.02  0.04  0.04]
 [ 0.    0.    0.08  0.09  0.    0.14  0.03  0.43  0.01  0.22]
 [ 0.    0.01  0.03  0.    0.    0.    0.11  0.04  0.71  0.1 ]
 [ 0.04  0.    0.    0.19  0.09  0.    0.05  0.22  0.09  0.33]]


Model Accuracy: 0.573

Accuracy Per Class: [ 0.845  0.31   0.467  0.21   0.     0.45   0.315  0.17   0.568  0.246]


