             precision    recall  f1-score   support

          0       0.84      1.00      0.91      2468
          1       0.96      0.31      0.47      1848
          2       0.68      0.60      0.64      2084
          3       0.30      0.43      0.35       872
          4       0.00      0.00      0.00       516
          5       0.62      0.63      0.62      1860
          6       0.38      0.64      0.48      1624
          7       0.23      0.46      0.31       892
          8       0.74      0.69      0.71      2516
          9       0.45      0.30      0.36      2600

avg / total       0.61      0.57      0.56     17280


[[2468    0    0    0    0    0    0    0    0    0]
 [   0  580    0    0    0    0  720  548    0    0]
 [  84    0 1253    8    0  139  334   47  121   98]
 [  15    0  230  373    2   38  122   34    1   57]
 [  22    0   20   31    0  100   48    9   81  205]
 [ 244    0  154   84    0 1166   18   50  112   32]
 [   8    7   34   44    0  344 1034   25   71   57]
 [   0    0   72  106    2   98   15  406    5  188]
 [   0   18   80   26    0    0  279   73 1736  304]
 [ 106    0    1  590  236    0  125  554  214  774]]


[[ 1.    0.    0.    0.    0.    0.    0.    0.    0.    0.  ]
 [ 0.    0.31  0.    0.    0.    0.    0.39  0.3   0.    0.  ]
 [ 0.04  0.    0.6   0.    0.    0.07  0.16  0.02  0.06  0.05]
 [ 0.02  0.    0.26  0.43  0.    0.04  0.14  0.04  0.    0.07]
 [ 0.04  0.    0.04  0.06  0.    0.19  0.09  0.02  0.16  0.4 ]
 [ 0.13  0.    0.08  0.05  0.    0.63  0.01  0.03  0.06  0.02]
 [ 0.    0.    0.02  0.03  0.    0.21  0.64  0.02  0.04  0.04]
 [ 0.    0.    0.08  0.12  0.    0.11  0.02  0.46  0.01  0.21]
 [ 0.    0.01  0.03  0.01  0.    0.    0.11  0.03  0.69  0.12]
 [ 0.04  0.    0.    0.23  0.09  0.    0.05  0.21  0.08  0.3 ]]


Model Accuracy: 0.567

Accuracy Per Class: [ 0.837  0.31   0.468  0.212  0.     0.452  0.315  0.182  0.556  0.219]


