                    precision    recall  f1-score   support

        Basketball       0.53      0.81      0.64      5960
            Biking       0.92      0.82      0.87      9776
            Diving       0.95      0.97      0.96      7384
        Golf_swing       0.59      0.84      0.69      9056
      Horse_riding       0.88      0.86      0.87     14560
   Soccer_juggling       0.52      0.29      0.37     14432
             Swing       0.85      0.88      0.87      7216
      Tennis_swing       0.88      0.53      0.66      8104
Trampoline_jumping       0.87      0.92      0.89      7288
Volleyball_spiking       0.57      0.75      0.65      3832
           Walking       0.64      0.77      0.70      8536

       avg / total       0.75      0.74      0.73     96144


[[ 4850     0   272    17     0   218     0     0   316   171   116]
 [  206  8038     0     0     0  1244     0     0     0     0   288]
 [   64    90  7153     0     0     0     0     0    77     0     0]
 [  144     0     0  7642   110   207     0     0   248     0   705]
 [   31   175     0     1 12573     0     0     0     0   238  1542]
 [ 1140     0     0  5144   837  4178   784   528     0  1392   429]
 [    0     0     0     0   106     1  6380     0    37   144   548]
 [ 1773     0     0   186     0  1860     0  4285     0     0     0]
 [    0     0   111    12     0    86   310    30  6715     1    23]
 [  930     0    18     0     0     0     0     0     0  2884     0]
 [   12   400     0    11   699   272     0     0   339   200  6603]]

[[0.81 0.   0.05 0.   0.   0.04 0.   0.   0.05 0.03 0.02]
 [0.02 0.82 0.   0.   0.   0.13 0.   0.   0.   0.   0.03]
 [0.01 0.01 0.97 0.   0.   0.   0.   0.   0.01 0.   0.  ]
 [0.02 0.   0.   0.84 0.01 0.02 0.   0.   0.03 0.   0.08]
 [0.   0.01 0.   0.   0.86 0.   0.   0.   0.   0.02 0.11]
 [0.08 0.   0.   0.36 0.06 0.29 0.05 0.04 0.   0.1  0.03]
 [0.   0.   0.   0.   0.01 0.   0.88 0.   0.01 0.02 0.08]
 [0.22 0.   0.   0.02 0.   0.23 0.   0.53 0.   0.   0.  ]
 [0.   0.   0.02 0.   0.   0.01 0.04 0.   0.92 0.   0.  ]
 [0.24 0.   0.   0.   0.   0.   0.   0.   0.   0.75 0.  ]
 [0.   0.05 0.   0.   0.08 0.03 0.   0.   0.04 0.02 0.77]]

Accuracy: 0.7416063404892661

Accuracy Per Class: [0.473 0.77  0.919 0.53  0.771 0.228 0.768 0.495 0.809 0.482 0.542]