                    precision    recall  f1-score   support

        Basketball       0.48      0.89      0.62      5960
            Biking       0.94      0.80      0.86      9776
            Diving       0.93      0.97      0.95      7384
        Golf_swing       0.59      0.85      0.70      9056
      Horse_riding       0.92      0.90      0.91     14560
   Soccer_juggling       0.61      0.32      0.42     14432
             Swing       0.84      0.90      0.87      7216
      Tennis_swing       0.88      0.53      0.66      8104
Trampoline_jumping       0.83      0.90      0.87      7288
Volleyball_spiking       0.61      0.75      0.68      3832
           Walking       0.68      0.73      0.71      8536

       avg / total       0.77      0.75      0.74     96144


[[ 5285    27   222     0     0     0     0    73   106   176    71]
 [  322  7784     0     0     0  1103     7     0    61     0   499]
 [  140    45  7130     0     0     0     0     0    65     4     0]
 [  144     0     0  7709    20   279     0     0   248     0   656]
 [   68   204     0    14 13067     0     0     0     0   484   723]
 [ 1821     0     0  5079   400  4646   776   472     0   798   440]
 [    0     1     0     0    44     5  6499     0   113   143   411]
 [ 2588     0     0   200     0  1020     0  4296     0     0     0]
 [   42     0     0    14     1   131   412    28  6560     0   100]
 [  605     0   352     0     0     0     0     0     0  2875     0]
 [    2   216     0    82   637   422    19     0   725   200  6233]]

[[0.89 0.   0.04 0.   0.   0.   0.   0.01 0.02 0.03 0.01]
 [0.03 0.8  0.   0.   0.   0.11 0.   0.   0.01 0.   0.05]
 [0.02 0.01 0.97 0.   0.   0.   0.   0.   0.01 0.   0.  ]
 [0.02 0.   0.   0.85 0.   0.03 0.   0.   0.03 0.   0.07]
 [0.   0.01 0.   0.   0.9  0.   0.   0.   0.   0.03 0.05]
 [0.13 0.   0.   0.35 0.03 0.32 0.05 0.03 0.   0.06 0.03]
 [0.   0.   0.   0.   0.01 0.   0.9  0.   0.02 0.02 0.06]
 [0.32 0.   0.   0.02 0.   0.13 0.   0.53 0.   0.   0.  ]
 [0.01 0.   0.   0.   0.   0.02 0.06 0.   0.9  0.   0.01]
 [0.16 0.   0.09 0.   0.   0.   0.   0.   0.   0.75 0.  ]
 [0.   0.03 0.   0.01 0.07 0.05 0.   0.   0.08 0.02 0.73]]

Accuracy: 0.7497503744383425

Accuracy Per Class: [0.452 0.758 0.896 0.534 0.834 0.267 0.771 0.495 0.762 0.51  0.545]