             precision    recall  f1-score   support

          0       0.82      1.00      0.90      2466
          1       1.00      0.31      0.48      1848
          2       0.70      0.54      0.61      2082
          3       0.31      0.54      0.40       882
          4       0.23      0.17      0.20       525
          5       0.93      0.63      0.75      1863
          6       0.54      1.00      0.70      1626
          7       0.29      0.53      0.38       888
          8       0.68      0.91      0.78      2514
          9       0.75      0.27      0.39      2601

avg / total       0.71      0.64      0.62     17295


[[2466    0    0    0    0    0    0    0    0    0]
 [   0  579    0    0    0    0  720  549    0    0]
 [ 300    0 1119    0    0   90  435  138    0    0]
 [   0    0  138  480   54    0  108   69   33    0]
 [   0    0    0  198   90    0   30   69    0  138]
 [ 243    0  273    0    0 1173    0    0  174    0]
 [   0    0    0    0    0    0 1626    0    0    0]
 [   0    0   69  258    0    0    0  471    0   90]
 [   0    0    0    0    0    0   99  120 2295    0]
 [   0    0    0  609  240    0    0  189  873  690]]


[[ 1.    0.    0.    0.    0.    0.    0.    0.    0.    0.  ]
 [ 0.    0.31  0.    0.    0.    0.    0.39  0.3   0.    0.  ]
 [ 0.14  0.    0.54  0.    0.    0.04  0.21  0.07  0.    0.  ]
 [ 0.    0.    0.16  0.54  0.06  0.    0.12  0.08  0.04  0.  ]
 [ 0.    0.    0.    0.38  0.17  0.    0.06  0.13  0.    0.26]
 [ 0.13  0.    0.15  0.    0.    0.63  0.    0.    0.09  0.  ]
 [ 0.    0.    0.    0.    0.    0.    1.    0.    0.    0.  ]
 [ 0.    0.    0.08  0.29  0.    0.    0.    0.53  0.    0.1 ]
 [ 0.    0.    0.    0.    0.    0.    0.04  0.05  0.91  0.  ]
 [ 0.    0.    0.    0.23  0.09  0.    0.    0.07  0.34  0.27]]


Model Accuracy: 0.635

Accuracy Per Class: [ 0.82   0.313  0.437  0.247  0.11   0.601  0.539  0.233  0.639  0.244]


