             precision    recall  f1-score   support

          0       0.84      0.88      0.86      2466
          1       1.00      0.43      0.60      1848
          2       0.62      0.57      0.59      2082
          3       0.23      0.39      0.29       882
          4       0.05      0.06      0.05       525
          5       0.88      0.59      0.71      1863
          6       0.49      0.87      0.63      1626
          7       0.26      0.45      0.33       888
          8       0.68      0.87      0.76      2514
          9       0.56      0.23      0.33      2601

avg / total       0.65      0.59      0.59     17295


[[2182    0    0   78    0    0    0    0    0  206]
 [   0  789   47    0    0    0  720  292    0    0]
 [ 139    0 1180    0   34  123  352  154  100    0]
 [   0    0  190  344   54   16  104  141   28    5]
 [   0    0    1  198   30    0   54   90   17  135]
 [ 226    0  272   41    0 1093   52   10  158   11]
 [   0    0  119   15    3    5 1412   15   51    6]
 [   0    0   77  160   62    0   29  403   46  111]
 [   0    0    4   37   34    0  136  127 2176    0]
 [  53    0    0  603  425    0    0  298  619  603]]


[[ 0.88  0.    0.    0.03  0.    0.    0.    0.    0.    0.08]
 [ 0.    0.43  0.03  0.    0.    0.    0.39  0.16  0.    0.  ]
 [ 0.07  0.    0.57  0.    0.02  0.06  0.17  0.07  0.05  0.  ]
 [ 0.    0.    0.22  0.39  0.06  0.02  0.12  0.16  0.03  0.01]
 [ 0.    0.    0.    0.38  0.06  0.    0.1   0.17  0.03  0.26]
 [ 0.12  0.    0.15  0.02  0.    0.59  0.03  0.01  0.08  0.01]
 [ 0.    0.    0.07  0.01  0.    0.    0.87  0.01  0.03  0.  ]
 [ 0.    0.    0.09  0.18  0.07  0.    0.03  0.45  0.05  0.12]
 [ 0.    0.    0.    0.01  0.01  0.    0.05  0.05  0.87  0.  ]
 [ 0.02  0.    0.    0.23  0.16  0.    0.    0.11  0.24  0.23]]


Model Accuracy: 0.59

Accuracy Per Class: [ 0.757  0.427  0.423  0.171  0.026  0.545  0.459  0.2    0.616  0.196]


