             precision    recall  f1-score   support

          0       0.84      0.89      0.86      2466
          1       1.00      0.42      0.60      1848
          2       0.63      0.56      0.59      2082
          3       0.24      0.39      0.29       882
          4       0.00      0.00      0.00       525
          5       0.88      0.58      0.70      1863
          6       0.49      0.87      0.63      1626
          7       0.25      0.45      0.32       888
          8       0.69      0.87      0.77      2514
          9       0.58      0.24      0.34      2601

avg / total       0.65      0.59      0.59     17295


[[2192    0    0   82    0    0    0    0    0  192]
 [   0  783   27    0    0    0  720  318    0    0]
 [ 147    0 1171    0    0  121  361  182  100    0]
 [   0    0  187  346   54   18  113  137   26    1]
 [   0    0    0  209    1    0   64   96   19  136]
 [ 236    0  290   41    0 1075   67    8  146    0]
 [   0    0  113   21    0    4 1420    9   51    8]
 [   0    0   77  157   61    1   29  400   48  115]
 [   0    0    0   14    0    0  137  172 2191    0]
 [  50    0    0  601  452    0    0  284  591  623]]


[[ 0.89  0.    0.    0.03  0.    0.    0.    0.    0.    0.08]
 [ 0.    0.42  0.01  0.    0.    0.    0.39  0.17  0.    0.  ]
 [ 0.07  0.    0.56  0.    0.    0.06  0.17  0.09  0.05  0.  ]
 [ 0.    0.    0.21  0.39  0.06  0.02  0.13  0.16  0.03  0.  ]
 [ 0.    0.    0.    0.4   0.    0.    0.12  0.18  0.04  0.26]
 [ 0.13  0.    0.16  0.02  0.    0.58  0.04  0.    0.08  0.  ]
 [ 0.    0.    0.07  0.01  0.    0.    0.87  0.01  0.03  0.  ]
 [ 0.    0.    0.09  0.18  0.07  0.    0.03  0.45  0.05  0.13]
 [ 0.    0.    0.    0.01  0.    0.    0.05  0.07  0.87  0.  ]
 [ 0.02  0.    0.    0.23  0.17  0.    0.    0.11  0.23  0.24]]


Model Accuracy: 0.59

Accuracy Per Class: [ 0.756  0.424  0.422  0.172  0.001  0.536  0.456  0.191  0.627  0.204]


