             precision    recall  f1-score   support

          0       0.82      1.00      0.90      2466
          1       1.00      0.31      0.48      1848
          2       0.70      0.54      0.61      2082
          3       0.31      0.54      0.40       882
          4       0.00      0.00      0.00       525
          5       0.93      0.63      0.75      1863
          6       0.52      1.00      0.69      1626
          7       0.24      0.41      0.30       888
          8       0.72      0.91      0.81      2514
          9       0.75      0.27      0.39      2601

avg / total       0.70      0.62      0.61     17295


[[2466    0    0    0    0    0    0    0    0    0]
 [   0  579    0    0    0    0  720  549    0    0]
 [ 300    0 1119    0    0   90  435  138    0    0]
 [   0    0  138  480   54    0  108   69   33    0]
 [   0    0    0  198    0    0  120   69    0  138]
 [ 243    0  273    0    0 1173    0    0  174    0]
 [   0    0    0    0    0    0 1626    0    0    0]
 [   0    0   69  258  108    0    0  363    0   90]
 [   0    0    0    0    0    0   99  120 2295    0]
 [   0    0    0  609  429    0    0  189  684  690]]


[[ 1.    0.    0.    0.    0.    0.    0.    0.    0.    0.  ]
 [ 0.    0.31  0.    0.    0.    0.    0.39  0.3   0.    0.  ]
 [ 0.14  0.    0.54  0.    0.    0.04  0.21  0.07  0.    0.  ]
 [ 0.    0.    0.16  0.54  0.06  0.    0.12  0.08  0.04  0.  ]
 [ 0.    0.    0.    0.38  0.    0.    0.23  0.13  0.    0.26]
 [ 0.13  0.    0.15  0.    0.    0.63  0.    0.    0.09  0.  ]
 [ 0.    0.    0.    0.    0.    0.    1.    0.    0.    0.  ]
 [ 0.    0.    0.08  0.29  0.12  0.    0.    0.41  0.    0.1 ]
 [ 0.    0.    0.    0.    0.    0.    0.04  0.05  0.91  0.  ]
 [ 0.    0.    0.    0.23  0.16  0.    0.    0.07  0.26  0.27]]


Model Accuracy: 0.624

Accuracy Per Class: [ 0.82   0.313  0.437  0.247  0.     0.601  0.523  0.18   0.674  0.244]


