             precision    recall  f1-score   support

          0       0.89      0.75      0.81      2480
          1       1.00      0.31      0.48      1850
          2       0.75      0.60      0.67      2090
          3       0.28      0.55      0.37       880
          4       0.00      0.00      0.00       530
          5       0.93      0.67      0.78      1860
          6       0.54      1.00      0.70      1630
          7       0.22      0.54      0.31       900
          8       0.74      0.84      0.79      2520
          9       0.32      0.15      0.21      2600

avg / total       0.66      0.58      0.58     17340


[[1850    0    0    0    0    0    0    0    0  630]
 [   0  580    0    0    0    0  720  550    0    0]
 [   0    0 1260    0    0   90  320  420    0    0]
 [   0    0  140  480   50    0  110  100    0    0]
 [   0    0    0  200    0    0   30  160    0  140]
 [ 240    0  200    0    0 1250  110    0   60    0]
 [   0    0    0    0    0    0 1630    0    0    0]
 [   0    0   70  140  110    0    0  490    0   90]
 [   0    0    0    0    0    0  100  310 2110    0]
 [   0    0    0  900  430    0    0  190  680  400]]


[[ 0.75  0.    0.    0.    0.    0.    0.    0.    0.    0.25]
 [ 0.    0.31  0.    0.    0.    0.    0.39  0.3   0.    0.  ]
 [ 0.    0.    0.6   0.    0.    0.04  0.15  0.2   0.    0.  ]
 [ 0.    0.    0.16  0.55  0.06  0.    0.12  0.11  0.    0.  ]
 [ 0.    0.    0.    0.38  0.    0.    0.06  0.3   0.    0.26]
 [ 0.13  0.    0.11  0.    0.    0.67  0.06  0.    0.03  0.  ]
 [ 0.    0.    0.    0.    0.    0.    1.    0.    0.    0.  ]
 [ 0.    0.    0.08  0.16  0.12  0.    0.    0.54  0.    0.1 ]
 [ 0.    0.    0.    0.    0.    0.    0.04  0.12  0.84  0.  ]
 [ 0.    0.    0.    0.35  0.17  0.    0.    0.07  0.26  0.15]]


Model Accuracy: 0.58

Accuracy Per Class: [ 0.68   0.314  0.504  0.226  0.     0.641  0.54   0.186  0.647  0.116]


