             precision    recall  f1-score   support

          0       0.90      1.00      0.95      2480
          1       1.00      0.33      0.49      1850
          2       0.65      0.59      0.62      2090
          3       0.27      0.50      0.35       880
          4       0.09      0.17      0.12       530
          5       0.93      0.66      0.77      1860
          6       0.52      0.89      0.65      1630
          7       0.29      0.56      0.38       900
          8       0.76      0.89      0.82      2520
          9       0.68      0.18      0.29      2600

avg / total       0.71      0.62      0.61     17340


[[2469    0    0    0    0    0    0    0    0   11]
 [   0  605    2    0    0    0  720  523    0    0]
 [  43    0 1240    0  266   90  350  101    0    0]
 [   0    0  194  439   53    0   24  166    4    0]
 [   0    0    0  153   89    0   30  119    0  139]
 [ 229    0  170   38    0 1220  127    0   65   11]
 [   0    0  175    0    0    0 1446    3    6    0]
 [   0    0   70  168   80    0    0  505   11   66]
 [   0    0   46   61    3    0  101   75 2234    0]
 [   0    0    0  765  488    0    0  254  621  472]]


[[ 1.    0.    0.    0.    0.    0.    0.    0.    0.    0.  ]
 [ 0.    0.33  0.    0.    0.    0.    0.39  0.28  0.    0.  ]
 [ 0.02  0.    0.59  0.    0.13  0.04  0.17  0.05  0.    0.  ]
 [ 0.    0.    0.22  0.5   0.06  0.    0.03  0.19  0.    0.  ]
 [ 0.    0.    0.    0.29  0.17  0.    0.06  0.22  0.    0.26]
 [ 0.12  0.    0.09  0.02  0.    0.66  0.07  0.    0.03  0.01]
 [ 0.    0.    0.11  0.    0.    0.    0.89  0.    0.    0.  ]
 [ 0.    0.    0.08  0.19  0.09  0.    0.    0.56  0.01  0.07]
 [ 0.    0.    0.02  0.02  0.    0.    0.04  0.03  0.89  0.  ]
 [ 0.    0.    0.    0.29  0.19  0.    0.    0.1   0.24  0.18]]


Model Accuracy: 0.618

Accuracy Per Class: [ 0.897  0.327  0.451  0.213  0.063  0.626  0.485  0.236  0.692  0.167]


