             precision    recall  f1-score   support

          0       0.91      1.00      0.95      2480
          1       1.00      0.31      0.48      1850
          2       0.65      0.60      0.63      2090
          3       0.26      0.55      0.35       880
          4       0.09      0.17      0.12       530
          5       0.93      0.67      0.78      1860
          6       0.50      0.79      0.61      1630
          7       0.30      0.58      0.40       900
          8       0.76      0.91      0.83      2520
          9       0.63      0.15      0.25      2600

avg / total       0.70      0.61      0.60     17340


[[2480    0    0    0    0    0    0    0    0    0]
 [   0  580    0    0    0    0  720  550    0    0]
 [   0    0 1260    0  300   90  320  120    0    0]
 [   0    0  140  480   50    0    0  210    0    0]
 [   0    0    0  150   90    0   30  120    0  140]
 [ 240    0  130   70    0 1250  110    0   60    0]
 [   0    0  340    0    0    0 1290    0    0    0]
 [   0    0   70  140   80    0    0  520    0   90]
 [   0    0    0  120    0    0  100    0 2300    0]
 [   0    0    0  900  430    0    0  190  680  400]]


[[ 1.    0.    0.    0.    0.    0.    0.    0.    0.    0.  ]
 [ 0.    0.31  0.    0.    0.    0.    0.39  0.3   0.    0.  ]
 [ 0.    0.    0.6   0.    0.14  0.04  0.15  0.06  0.    0.  ]
 [ 0.    0.    0.16  0.55  0.06  0.    0.    0.24  0.    0.  ]
 [ 0.    0.    0.    0.28  0.17  0.    0.06  0.23  0.    0.26]
 [ 0.13  0.    0.07  0.04  0.    0.67  0.06  0.    0.03  0.  ]
 [ 0.    0.    0.21  0.    0.    0.    0.79  0.    0.    0.  ]
 [ 0.    0.    0.08  0.16  0.09  0.    0.    0.58  0.    0.1 ]
 [ 0.    0.    0.    0.05  0.    0.    0.04  0.    0.91  0.  ]
 [ 0.    0.    0.    0.35  0.17  0.    0.    0.07  0.26  0.15]]


Model Accuracy: 0.614

Accuracy Per Class: [ 0.912  0.314  0.455  0.212  0.065  0.641  0.443  0.249  0.706  0.141]


