                precision    recall  f1-score   support

           Car       0.77      1.00      0.87      2480
         Drink       0.89      0.31      0.46      1850
          Feed       0.69      0.60      0.64      2090
     Look left       0.26      0.42      0.32       880
    Look right       0.09      0.17      0.12       530
           Pet       0.76      0.67      0.71      1860
Play with ball       0.52      0.85      0.65      1630
         Shake       0.28      0.47      0.35       900
         Sniff       0.71      0.84      0.77      2520
          Walk       0.74      0.15      0.25      2600

   avg / total       0.66      0.60      0.58     17340


[[2480    0    0    0    0    0    0    0    0    0]
 [   0  580    0    0    0    0  720  550    0    0]
 [ 120    0 1252    0  300   90  328    0    0    0]
 [ 140    0  140  370   50  110    0   70    0    0]
 [   0    0    0  150   90    0   35  120    0  135]
 [ 237   70  130    0    3 1250   73   37   60    0]
 [   0    0  215    0    0    0 1379    0   36    0]
 [ 101    0   75  130   75    0    0  420   90    9]
 [   0    0    1  120    0  189  100    0 2110    0]
 [ 131    0    0  650  430   11    0  310  668  400]]

[[ 1.    0.    0.    0.    0.    0.    0.    0.    0.    0.  ]
 [ 0.    0.31  0.    0.    0.    0.    0.39  0.3   0.    0.  ]
 [ 0.06  0.    0.6   0.    0.14  0.04  0.16  0.    0.    0.  ]
 [ 0.16  0.    0.16  0.42  0.06  0.12  0.    0.08  0.    0.  ]
 [ 0.    0.    0.    0.28  0.17  0.    0.07  0.23  0.    0.25]
 [ 0.13  0.04  0.07  0.    0.    0.67  0.04  0.02  0.03  0.  ]
 [ 0.    0.    0.13  0.    0.    0.    0.85  0.    0.02  0.  ]
 [ 0.11  0.    0.08  0.14  0.08  0.    0.    0.47  0.1   0.01]
 [ 0.    0.    0.    0.05  0.    0.08  0.04  0.    0.84  0.  ]
 [ 0.05  0.    0.    0.25  0.17  0.    0.    0.12  0.26  0.15]]

Accuracy: 0.595790080738

Accuracy Per Class: [ 0.773  0.302  0.472  0.192  0.065  0.553  0.478  0.211  0.625  0.146]