             precision    recall  f1-score   support

          0       0.91      0.80      0.85      2480
          1       1.00      0.33      0.50      1850
          2       0.71      0.58      0.64      2090
          3       0.28      0.55      0.37       880
          4       0.00      0.00      0.00       530
          5       0.89      0.65      0.75      1860
          6       0.51      0.93      0.66      1630
          7       0.24      0.55      0.33       900
          8       0.79      0.86      0.82      2520
          9       0.39      0.20      0.26      2600

avg / total       0.67      0.59      0.59     17340


[[1991    0    0    0    0    0    0    0    0  489]
 [   0  618    0    0    0    0  720  512    0    0]
 [  53    0 1208    0    0  142  353  333    1    0]
 [   0    0  142  484   50    0   52  151    1    0]
 [   0    0    0  211    0    0   56  123    0  140]
 [ 149    0  171   29    0 1210  150    0   60   91]
 [   0    0  100    0    0    0 1515   11    4    0]
 [   0    0   70  175   69    0    0  494    2   90]
 [   0    0    0    0    0    0  101  255 2164    0]
 [   0    0    0  815  577    0    0  191  508  509]]


[[ 0.8   0.    0.    0.    0.    0.    0.    0.    0.    0.2 ]
 [ 0.    0.33  0.    0.    0.    0.    0.39  0.28  0.    0.  ]
 [ 0.03  0.    0.58  0.    0.    0.07  0.17  0.16  0.    0.  ]
 [ 0.    0.    0.16  0.55  0.06  0.    0.06  0.17  0.    0.  ]
 [ 0.    0.    0.    0.4   0.    0.    0.11  0.23  0.    0.26]
 [ 0.08  0.    0.09  0.02  0.    0.65  0.08  0.    0.03  0.05]
 [ 0.    0.    0.06  0.    0.    0.    0.93  0.01  0.    0.  ]
 [ 0.    0.    0.08  0.19  0.08  0.    0.    0.55  0.    0.1 ]
 [ 0.    0.    0.    0.    0.    0.    0.04  0.1   0.86  0.  ]
 [ 0.    0.    0.    0.31  0.22  0.    0.    0.07  0.2   0.2 ]]


Model Accuracy: 0.588

Accuracy Per Class: [ 0.742  0.334  0.469  0.229  0.     0.604  0.495  0.2    0.699  0.149]


