                precision    recall  f1-score   support

           Car       0.79      0.78      0.78      2480
         Drink       0.89      0.31      0.46      1850
          Feed       0.71      0.58      0.64      2090
     Look left       0.36      0.55      0.43       880
    Look right       0.00      0.00      0.00       530
           Pet       0.71      0.67      0.69      1860
Play with ball       0.55      0.98      0.70      1630
         Shake       0.20      0.41      0.27       900
         Sniff       0.74      0.84      0.79      2520
          Walk       0.30      0.15      0.20      2600

   avg / total       0.60      0.57      0.56     17340


[[1932    0    2    0    0    0    1    0    0  545]
 [   0  580    0    0    0    0  720  550    0    0]
 [ 120    0 1217    0    0   90  363  300    0    0]
 [   0    0  140  480   50  107    3  100    0    0]
 [   0    0  137  150    0    0   33   70    0  140]
 [ 230   70  130    0   10 1250  110    0   60    0]
 [   0    0   15    0    0    0 1603    0   12    0]
 [ 140    0   70    1    0    0    1  370   89  229]
 [   0    0    0    0    0   37  100  273 2110    0]
 [  27    0    0  714  430  274    0  190  565  400]]

[[ 0.78  0.    0.    0.    0.    0.    0.    0.    0.    0.22]
 [ 0.    0.31  0.    0.    0.    0.    0.39  0.3   0.    0.  ]
 [ 0.06  0.    0.58  0.    0.    0.04  0.17  0.14  0.    0.  ]
 [ 0.    0.    0.16  0.55  0.06  0.12  0.    0.11  0.    0.  ]
 [ 0.    0.    0.26  0.28  0.    0.    0.06  0.13  0.    0.26]
 [ 0.12  0.04  0.07  0.    0.01  0.67  0.06  0.    0.03  0.  ]
 [ 0.    0.    0.01  0.    0.    0.    0.98  0.    0.01  0.  ]
 [ 0.16  0.    0.08  0.    0.    0.    0.    0.41  0.1   0.25]
 [ 0.    0.    0.    0.    0.    0.01  0.04  0.11  0.84  0.  ]
 [ 0.01  0.    0.    0.27  0.17  0.11  0.    0.07  0.22  0.15]]

Accuracy: 0.573356401384

Accuracy Per Class: [ 0.645  0.302  0.471  0.275  0.     0.528  0.541  0.155  0.65   0.114]