                    precision    recall  f1-score   support

        Basketball       0.48      0.77      0.59      5776
            Biking       0.86      0.79      0.82      9536
            Diving       0.99      0.99      0.99      7120
        Golf_swing       0.66      0.73      0.69      8832
      Horse_riding       0.95      0.94      0.94     14080
   Soccer_juggling       0.70      0.41      0.52     13984
             Swing       0.83      0.90      0.86      7040
      Tennis_swing       0.92      0.72      0.80      7904
Trampoline_jumping       0.86      0.97      0.91      7088
Volleyball_spiking       0.80      0.80      0.80      3680
           Walking       0.55      0.71      0.62      8192

       avg / total       0.79      0.77      0.77     93232


[[ 4425    17    80   270     0   135     0   129   390   136   194]
 [  229  7502     0     4     0   443   352   140   424     0   442]
 [   50     0  7070     0     0     0     0     0     0     0     0]
 [  269     0     0  6479     0   888     0     0     0   144  1052]
 [    1   272     0     0 13249     0    12     0     0     0   546]
 [ 1865     0     0  2967    55  5767   448   230    52   281  2319]
 [    0     0     0     0     0   318  6335     0   234   153     0]
 [ 1531     0     0   160     0   556     0  5657     0     0     0]
 [   41     0     0     0     0     4    22     1  6896    11   113]
 [  598     0     0     0     0   126     3     0     0  2953     0]
 [  302   949    24     0   657     0   462     0     0     0  5798]]

[[0.77 0.   0.01 0.05 0.   0.02 0.   0.02 0.07 0.02 0.03]
 [0.02 0.79 0.   0.   0.   0.05 0.04 0.01 0.04 0.   0.05]
 [0.01 0.   0.99 0.   0.   0.   0.   0.   0.   0.   0.  ]
 [0.03 0.   0.   0.73 0.   0.1  0.   0.   0.   0.02 0.12]
 [0.   0.02 0.   0.   0.94 0.   0.   0.   0.   0.   0.04]
 [0.13 0.   0.   0.21 0.   0.41 0.03 0.02 0.   0.02 0.17]
 [0.   0.   0.   0.   0.   0.05 0.9  0.   0.03 0.02 0.  ]
 [0.19 0.   0.   0.02 0.   0.07 0.   0.72 0.   0.   0.  ]
 [0.01 0.   0.   0.   0.   0.   0.   0.   0.97 0.   0.02]
 [0.16 0.   0.   0.   0.   0.03 0.   0.   0.   0.8  0.  ]
 [0.04 0.12 0.   0.   0.08 0.   0.06 0.   0.   0.   0.71]]

Accuracy: 0.7736721297408615

Accuracy Per Class: [0.415 0.696 0.979 0.53  0.896 0.35  0.76  0.673 0.842 0.67  0.451]