                    precision    recall  f1-score   support

        Basketball       0.45      0.70      0.55      5776
            Biking       0.87      0.82      0.85      9536
            Diving       0.97      1.00      0.99      7120
        Golf_swing       0.68      0.74      0.71      8832
      Horse_riding       0.91      0.94      0.92     14080
   Soccer_juggling       0.66      0.41      0.50     13984
             Swing       0.87      0.90      0.89      7040
      Tennis_swing       0.85      0.76      0.80      7904
Trampoline_jumping       0.91      0.96      0.94      7088
Volleyball_spiking       0.86      0.78      0.82      3680
           Walking       0.57      0.68      0.62      8192

       avg / total       0.78      0.77      0.77     93232


[[ 4064     0    82   273     0   232     0   390   236    80   419]
 [  190  7853     0     0     0   670   220    98   206     0   299]
 [    0     0  7120     0     0     0     0     0     0     0     0]
 [  159     0     0  6577     0   914     0     0     0   144  1038]
 [  187   362     0     0 13291     0    25     0     0    76   139]
 [ 2461     0     0  2595     0  5680   448   553     0     1  2246]
 [    0     0     0     0     0   353  6351     0   192   144     0]
 [ 1392     0     0   160     0   368     0  5984     0     0     0]
 [  161     0     0     0     0     0     0     0  6799     0   128]
 [  447     0     6     0     0   346     0     0     0  2881     0]
 [   11   834   112     0  1381     0   224     0     0    39  5591]]

[[0.7  0.   0.01 0.05 0.   0.04 0.   0.07 0.04 0.01 0.07]
 [0.02 0.82 0.   0.   0.   0.07 0.02 0.01 0.02 0.   0.03]
 [0.   0.   1.   0.   0.   0.   0.   0.   0.   0.   0.  ]
 [0.02 0.   0.   0.74 0.   0.1  0.   0.   0.   0.02 0.12]
 [0.01 0.03 0.   0.   0.94 0.   0.   0.   0.   0.01 0.01]
 [0.18 0.   0.   0.19 0.   0.41 0.03 0.04 0.   0.   0.16]
 [0.   0.   0.   0.   0.   0.05 0.9  0.   0.03 0.02 0.  ]
 [0.18 0.   0.   0.02 0.   0.05 0.   0.76 0.   0.   0.  ]
 [0.02 0.   0.   0.   0.   0.   0.   0.   0.96 0.   0.02]
 [0.12 0.   0.   0.   0.   0.09 0.   0.   0.   0.78 0.  ]
 [0.   0.1  0.01 0.   0.17 0.   0.03 0.   0.   0.   0.68]]

Accuracy: 0.7743156856015102

Accuracy Per Class: [0.377 0.732 0.973 0.555 0.86  0.337 0.798 0.669 0.88  0.692 0.449]