             precision    recall  f1-score   support

          0       0.86      1.00      0.92      2384
          1       1.00      0.32      0.48      1824
          2       0.69      0.62      0.65      2000
          3       0.17      0.25      0.21       816
          4       0.00      0.00      0.00       448
          5       0.64      0.62      0.63      1792
          6       0.46      0.66      0.54      1600
          7       0.32      0.67      0.43       832
          8       0.82      0.72      0.77      2448
          9       0.35      0.29      0.32      2512

avg / total       0.63      0.58      0.58     16656


[[2384    0    0    0    0    0    0    0    0    0]
 [   0  576    0    0    0    0  704  544    0    0]
 [   0    0 1232    0    0  176  192  112    0  288]
 [  32    0  240  208    0    0   64    0    0  272]
 [  16    0    0   48    0  112   16    0    0  256]
 [ 240    0  128   80    0 1120    0   48  112   64]
 [   0    0    0   80    0  336 1056    0  128    0]
 [   0    0   64  128    0    0    0  560    0   80]
 [   0    0  112    0    0    0  144    0 1760  432]
 [ 112    0    0  656  240    0  112  512  144  736]]


[[ 1.    0.    0.    0.    0.    0.    0.    0.    0.    0.  ]
 [ 0.    0.32  0.    0.    0.    0.    0.39  0.3   0.    0.  ]
 [ 0.    0.    0.62  0.    0.    0.09  0.1   0.06  0.    0.14]
 [ 0.04  0.    0.29  0.25  0.    0.    0.08  0.    0.    0.33]
 [ 0.04  0.    0.    0.11  0.    0.25  0.04  0.    0.    0.57]
 [ 0.13  0.    0.07  0.04  0.    0.62  0.    0.03  0.06  0.04]
 [ 0.    0.    0.    0.05  0.    0.21  0.66  0.    0.08  0.  ]
 [ 0.    0.    0.08  0.15  0.    0.    0.    0.67  0.    0.1 ]
 [ 0.    0.    0.05  0.    0.    0.    0.06  0.    0.72  0.18]
 [ 0.04  0.    0.    0.26  0.1   0.    0.04  0.2   0.06  0.29]]


Model Accuracy: 0.578

Accuracy Per Class: [ 0.856  0.316  0.484  0.115  0.     0.464  0.373  0.273  0.621  0.189]


