             precision    recall  f1-score   support

          0       0.81      1.00      0.90      2384
          1       1.00      0.32      0.48      1824
          2       0.69      0.62      0.65      2000
          3       0.41      0.51      0.45       816
          4       0.00      0.00      0.00       448
          5       0.64      0.67      0.65      1792
          6       0.42      0.66      0.51      1600
          7       0.25      0.42      0.31       832
          8       0.75      0.72      0.73      2448
          9       0.46      0.35      0.40      2512

avg / total       0.63      0.59      0.58     16656


[[2384    0    0    0    0    0    0    0    0    0]
 [   0  576    0    0    0    0  704  544    0    0]
 [  17    0 1232   13    0  105  361    1  125  146]
 [  65    0  240  417    0    0   94    0    0    0]
 [   0    0    0   16    0  112   38    0   56  226]
 [ 240    0  152   40    0 1200    0   48  112    0]
 [  11    0   10   22    0  336 1055   11   90   65]
 [   0    0   64   21    0  127    0  347    0  273]
 [   0    0   99    0    0    0  144  109 1760  336]
 [ 226    0    0  500  240    0  112  346  205  883]]


[[ 1.    0.    0.    0.    0.    0.    0.    0.    0.    0.  ]
 [ 0.    0.32  0.    0.    0.    0.    0.39  0.3   0.    0.  ]
 [ 0.01  0.    0.62  0.01  0.    0.05  0.18  0.    0.06  0.07]
 [ 0.08  0.    0.29  0.51  0.    0.    0.12  0.    0.    0.  ]
 [ 0.    0.    0.    0.04  0.    0.25  0.08  0.    0.12  0.5 ]
 [ 0.13  0.    0.08  0.02  0.    0.67  0.    0.03  0.06  0.  ]
 [ 0.01  0.    0.01  0.01  0.    0.21  0.66  0.01  0.06  0.04]
 [ 0.    0.    0.08  0.03  0.    0.15  0.    0.42  0.    0.33]
 [ 0.    0.    0.04  0.    0.    0.    0.06  0.04  0.72  0.14]
 [ 0.09  0.    0.    0.2   0.1   0.    0.04  0.14  0.08  0.35]]


Model Accuracy: 0.592

Accuracy Per Class: [ 0.81   0.316  0.48   0.292  0.     0.485  0.346  0.184  0.58   0.248]


