             precision    recall  f1-score   support

          0       0.85      1.00      0.92      2384
          1       1.00      0.32      0.48      1824
          2       0.69      0.62      0.65      2000
          3       0.44      0.53      0.48       816
          4       0.00      0.00      0.00       448
          5       0.65      0.67      0.66      1792
          6       0.42      0.66      0.52      1600
          7       0.21      0.38      0.27       832
          8       0.78      0.72      0.75      2448
          9       0.41      0.35      0.38      2512

avg / total       0.63      0.59      0.59     16656


[[2384    0    0    0    0    0    0    0    0    0]
 [   0  576    0    0    0    0  704  544    0    0]
 [   0    0 1232    0    0   80  400    0    0  288]
 [  80    0  240  432    0    0   64    0    0    0]
 [   0    0    0   16    0  112   16    0   80  224]
 [ 240    0  128   64    0 1200    0   48  112    0]
 [   0    0    0    0    0  336 1056    0  128   80]
 [   0    0   64    0    0  128    0  320    0  320]
 [   0    0  112    0    0    0  144   96 1760  336]
 [ 112    0    0  480  240    0  112  512  176  880]]


[[ 1.    0.    0.    0.    0.    0.    0.    0.    0.    0.  ]
 [ 0.    0.32  0.    0.    0.    0.    0.39  0.3   0.    0.  ]
 [ 0.    0.    0.62  0.    0.    0.04  0.2   0.    0.    0.14]
 [ 0.1   0.    0.29  0.53  0.    0.    0.08  0.    0.    0.  ]
 [ 0.    0.    0.    0.04  0.    0.25  0.04  0.    0.18  0.5 ]
 [ 0.13  0.    0.07  0.04  0.    0.67  0.    0.03  0.06  0.  ]
 [ 0.    0.    0.    0.    0.    0.21  0.66  0.    0.08  0.05]
 [ 0.    0.    0.08  0.    0.    0.15  0.    0.38  0.    0.38]
 [ 0.    0.    0.05  0.    0.    0.    0.06  0.04  0.72  0.14]
 [ 0.04  0.    0.    0.19  0.1   0.    0.04  0.2   0.07  0.35]]


Model Accuracy: 0.591

Accuracy Per Class: [ 0.847  0.316  0.484  0.314  0.     0.49   0.347  0.157  0.598  0.234]


