             precision    recall  f1-score   support

          0       0.82      1.00      0.90      2384
          1       1.00      0.32      0.48      1824
          2       0.68      0.62      0.65      2000
          3       0.19      0.28      0.22       816
          4       0.00      0.00      0.00       448
          5       0.62      0.62      0.62      1792
          6       0.44      0.63      0.51      1600
          7       0.28      0.53      0.36       832
          8       0.81      0.72      0.76      2448
          9       0.37      0.31      0.34      2512

avg / total       0.62      0.57      0.57     16656


[[2384    0    0    0    0    0    0    0    0    0]
 [   0  576    0    0    0    0  704  544    0    0]
 [  88    0 1232   34    0  178  198   43   41  186]
 [  31    0  240  225    0    0  103   10    0  207]
 [  16    0    0   44    0  112   18    0   35  223]
 [ 240    0  135   65    0 1119    1   48  112   72]
 [  15    0   19   63    0  336 1002    1   84   80]
 [   0    0   64  124    0   47    0  443    0  154]
 [   0    0  112    0    0    0  158   34 1758  386]
 [ 126    0    0  656  240    0  112  474  132  772]]


[[ 1.    0.    0.    0.    0.    0.    0.    0.    0.    0.  ]
 [ 0.    0.32  0.    0.    0.    0.    0.39  0.3   0.    0.  ]
 [ 0.04  0.    0.62  0.02  0.    0.09  0.1   0.02  0.02  0.09]
 [ 0.04  0.    0.29  0.28  0.    0.    0.13  0.01  0.    0.25]
 [ 0.04  0.    0.    0.1   0.    0.25  0.04  0.    0.08  0.5 ]
 [ 0.13  0.    0.08  0.04  0.    0.62  0.    0.03  0.06  0.04]
 [ 0.01  0.    0.01  0.04  0.    0.21  0.63  0.    0.05  0.05]
 [ 0.    0.    0.08  0.15  0.    0.06  0.    0.53  0.    0.19]
 [ 0.    0.    0.05  0.    0.    0.    0.06  0.01  0.72  0.16]
 [ 0.05  0.    0.    0.26  0.1   0.    0.04  0.19  0.05  0.31]]


Model Accuracy: 0.571

Accuracy Per Class: [ 0.822  0.316  0.479  0.125  0.     0.454  0.346  0.223  0.616  0.202]


